0	              0	              0	              0	
0.035	              0	   2.82929e-005	   9.40114e-005	
0.07	              0	    0.000116993	    0.000388238	
0.105	              0	    0.000271806	    0.000900028	
0.14	              0	    0.000498366	     0.00164528	
0.175	              0	    0.000802207	      0.0026382	
0.21	              0	     0.00118872	     0.00389108	
0.245	              0	     0.00166312	     0.00541408	
0.28	              0	      0.0022304	     0.00721503	
0.315	              0	     0.00289531	     0.00929928	
0.35	              0	     0.00366231	      0.0116695	
0.385	              0	     0.00453552	      0.0143256	
0.42	              0	     0.00551872	      0.0172646	
0.455	              0	     0.00661526	      0.0204805	
0.49	              0	     0.00782809	      0.0239645	
0.525	              0	     0.00915968	      0.0277045	
0.56	              0	       0.010612	      0.0316856	
0.595	              0	      0.0121865	        0.03589	
0.63	              0	      0.0138841	      0.0402969	
0.665	              0	      0.0157052	      0.0448828	
0.7	              0	      0.0176494	      0.0496217	
0.735	              0	       0.019716	      0.0544851	
0.77	              0	      0.0219034	      0.0594423	
0.805	              0	      0.0242095	      0.0644608	
0.84	              0	      0.0266315	      0.0695062	
0.875	              0	      0.0291661	      0.0745428	
0.91	              0	       0.031809	      0.0795339	
0.945	              0	      0.0345556	      0.0844419	
0.98	              0	      0.0374005	       0.089229	
1.015	              0	      0.0403375	       0.093857	
1.05	              0	      0.0433602	      0.0982883	
1.085	              0	       0.046461	       0.102486	
1.12	              0	      0.0496322	       0.106414	
1.155	              0	      0.0528653	       0.110038	
1.19	              0	      0.0561513	       0.113325	
1.225	              0	      0.0594806	       0.116245	
1.26	              0	      0.0628434	        0.11877	
1.295	              0	      0.0662291	       0.120874	
1.33	              0	      0.0696267	       0.122536	
1.365	              0	      0.0730252	       0.123736	
1.4	              0	       0.076413	        0.12446	
1.435	              0	      0.0797782	       0.124696	
1.47	              0	      0.0831087	       0.124438	
1.505	              0	      0.0863925	       0.123682	
1.54	              0	      0.0896171	       0.122429	
1.575	              0	      0.0927703	       0.120686	
1.61	              0	      0.0958396	       0.118462	
1.645	              0	      0.0988127	       0.115771	
1.68	              0	       0.101678	       0.112633	
1.715	              0	       0.104422	       0.109069	
1.75	              0	       0.107035	       0.105108	
1.785	              0	       0.109504	        0.10078	
1.82	              0	       0.111819	      0.0961178	
1.855	              0	       0.113968	      0.0911606	
1.89	              0	       0.115943	      0.0859487	
1.925	              0	       0.117733	      0.0805253	
1.96	              0	       0.119329	      0.0749363	
1.995	              0	       0.120723	       0.069229	
2.03	              0	       0.121907	      0.0634526	
2.065	              0	       0.122875	      0.0576571	
2.1	              0	        0.12362	      0.0518933	
2.135	              0	       0.124138	      0.0462118	
2.17	              0	       0.124424	       0.040663	
2.205	              0	       0.124474	      0.0352966	
2.24	              0	       0.124287	      0.0301606	
2.275	              0	        0.12386	      0.0253015	
2.31	              0	       0.123194	      0.0207633	
2.345	              0	       0.122289	      0.0165876	
2.38	              0	       0.121146	      0.0128125	
2.415	              0	       0.119769	     0.00947295	
2.45	              0	        0.11816	     0.00659977	
2.485	              0	       0.116326	     0.00421966	
2.52	              0	       0.114271	     0.00235482	
2.555	              0	       0.112002	     0.00102272	
2.59	              0	       0.109528	     0.00023587	
2.625	              0	       0.106856	   1.69065e-006	
2.66	              0	       0.103998	    0.000322399	
2.695	              0	       0.100963	     0.00119495	
2.73	              0	      0.0977624	     0.00261104	
2.765	              0	      0.0944097	     0.00455714	
2.8	              0	      0.0909176	     0.00701459	
2.835	              0	         0.0873	     0.00995977	
2.87	              0	      0.0835715	      0.0133643	
2.905	              0	      0.0797474	      0.0171953	
2.94	              0	      0.0758433	      0.0214156	
2.975	              0	      0.0718757	      0.0259843	
3.01	              0	      0.0678611	      0.0308568	
3.045	              0	      0.0638165	      0.0359856	
3.08	              0	      0.0597593	      0.0413205	
3.115	              0	      0.0557069	      0.0468092	
3.15	              0	      0.0516768	      0.0523977	
3.185	              0	      0.0476866	      0.0580308	
3.22	              0	      0.0437539	       0.063653	
3.255	              0	      0.0398959	      0.0692085	
3.29	              0	      0.0361298	      0.0746423	
3.325	              0	      0.0324724	      0.0799002	
3.36	              0	        0.02894	      0.0849298	
3.395	              0	      0.0255487	      0.0896808	
3.43	              0	      0.0223137	      0.0941056	
3.465	              0	      0.0192498	      0.0981595	
3.5	              0	       0.016371	       0.101802	
3.535	              0	      0.0136905	       0.104995	
3.57	              0	      0.0112206	       0.107708	
3.605	              0	     0.00897275	       0.109912	
3.64	              0	     0.00695742	       0.111584	
3.675	              0	     0.00518397	       0.112708	
3.71	              0	     0.00366069	       0.113271	
3.745	              0	     0.00239475	       0.113266	
3.78	              0	     0.00139209	       0.112694	
3.815	              0	    0.000657461	       0.111559	
3.85	              0	    0.000194346	       0.109871	
3.885	              0	   4.94618e-006	       0.107649	
3.92	              0	    9.0164e-005	       0.104912	
3.955	              0	    0.000449591	       0.101688	
3.99	              0	      0.0010815	      0.0980098	
4.025	              0	     0.00198285	      0.0939131	
4.06	              0	     0.00314929	       0.089439	
4.095	              0	     0.00457517	      0.0846324	
4.13	              0	     0.00625359	      0.0795417	
4.165	              0	     0.00817639	       0.074218	
4.2	              0	      0.0103342	      0.0687151	
4.235	              0	      0.0127165	      0.0630886	
4.27	              0	      0.0153115	      0.0573955	
4.305	              0	      0.0181067	      0.0516934	
4.34	              0	      0.0210881	      0.0460402	
4.375	              0	      0.0242412	      0.0404934	
4.41	              0	      0.0275503	      0.0351095	
4.445	              0	       0.030999	      0.0299433	
4.48	              0	      0.0345702	      0.0250476	
4.515	              0	      0.0382461	      0.0204724	
4.55	              0	      0.0420085	      0.0162645	
4.585	              0	      0.0458384	       0.012467	
4.62	              0	      0.0497169	     0.00911871	
4.655	              0	      0.0536242	     0.00625409	
4.69	              0	      0.0575409	     0.00390253	
4.725	              0	      0.0614471	      0.0020882	
4.76	              0	      0.0653232	    0.000829767	
4.795	              0	      0.0691495	    0.000140191	
4.83	              0	      0.0729067	   2.65812e-005	
4.865	              0	      0.0765756	    0.000490104	
4.9	              0	      0.0801375	     0.00152597	
4.935	              0	      0.0835743	     0.00312348	
4.97	              0	      0.0868684	     0.00526609	
5.005	              0	      0.0900028	     0.00793162	
5.04	              0	      0.0929615	      0.0110925	
5.075	              0	      0.0957291	      0.0147158	
5.11	              0	      0.0982915	      0.0187641	
5.145	              0	       0.100635	      0.0231952	
5.18	              0	       0.102748	      0.0279632	
5.215	              0	       0.104619	      0.0330183	
5.25	              0	       0.106238	      0.0383081	
5.285	              0	       0.107597	      0.0437773	
5.32	              0	       0.108689	       0.049369	
5.355	              0	       0.109506	      0.0550248	
5.39	              0	       0.110046	      0.0606857	
5.425	              0	       0.110305	      0.0662923	
5.46	              0	       0.110281	      0.0717862	
5.495	              0	       0.109975	      0.0771099	
5.53	              0	       0.109386	      0.0822075	
5.565	              0	       0.108519	      0.0870255	
5.6	              0	       0.107377	      0.0915135	
5.635	              0	       0.105966	      0.0956243	
5.67	              0	       0.104293	      0.0993145	
5.705	              0	       0.102366	       0.102545	
5.74	              0	       0.100195	       0.105283	
5.775	              0	      0.0977914	       0.107498	
5.81	              0	      0.0951666	       0.109167	
5.845	              0	      0.0923342	       0.110273	
5.88	              0	      0.0893088	       0.110803	
5.915	              0	      0.0861059	       0.110751	
5.95	              0	      0.0827417	       0.110119	
5.985	              0	      0.0792338	       0.108912	
6.02	              0	      0.0756001	       0.107143	
6.055	              0	      0.0718593	        0.10483	
6.09	              0	       0.068031	       0.101997	
6.125	              0	      0.0641347	      0.0986736	
6.16	              0	      0.0601909	      0.0948951	
6.195	              0	      0.0562199	      0.0907007	
6.23	              0	      0.0522424	      0.0861345	
6.265	              0	      0.0482792	      0.0812443	
6.3	              0	      0.0443508	      0.0760817	
6.335	              0	      0.0404779	      0.0707008	
6.37	              0	      0.0366806	      0.0651583	
6.405	              0	      0.0329789	      0.0595126	
6.44	              0	       0.029392	      0.0538232	
6.475	              0	      0.0259388	        0.04815	
6.51	              0	      0.0226375	       0.042553	
6.545	              0	      0.0195054	      0.0370911	
6.58	              0	      0.0165589	      0.0318222	
6.615	              0	      0.0138137	      0.0268019	
6.65	              0	       0.011284	      0.0220832	
6.685	              0	     0.00898338	      0.0177162	
6.72	              0	     0.00692385	      0.0137469	
6.755	              0	     0.00511633	      0.0102175	
6.79	              0	     0.00357038	     0.00716523	
6.825	              0	     0.00229417	     0.00462256	
6.86	              0	     0.00129448	     0.00261639	
6.895	              0	      0.0005766	     0.00116801	
6.93	              0	    0.000144342	    0.000292779	
7	              1	              0	              0	
