     0.00000000		     0.10000000		     0.20000000		     0.30000000		     0.40000000		     0.50000000		     0.60000000		     0.70000000		     0.80000000		     0.90000000		
      1.0000000		     0.00000000		     0.00000000		     0.00000000		     0.00000000		     0.00000000		     0.00000000		     0.00000000		     0.00000000		     0.00000000		
              1		    0.089419472		   0.0040729542		  0.00018552016		 8.4893605e-006		 1.2457687e-006		 1.8917551e-005		  0.00041494034		     0.00910977		            0.1		
              1		     0.16341006		    0.014879304		   0.0010164634		  6.208359e-005		 9.8011856e-006		  0.00010371175		   0.0015151552		    0.016632089		            0.1		
              1		     0.22525492		    0.030017939		   0.0028857306		  0.00023040588		 3.9429545e-005		  0.00029482744		   0.0030550063		    0.022906716		            0.1		
              1		     0.27746004		    0.047811815		   0.0059363482		  0.00059634959		   0.0001108769		    0.000607977		   0.0048632875		     0.02819269		            0.1		
              1		     0.32195064		    0.067096505		    0.010163411		   0.0012360941		  0.00024914241		   0.0010449281		   0.0068215252		    0.032688784		            0.1		
              1		     0.36021558		    0.087070294		    0.015479746		   0.0022101239		  0.00048073214		   0.0016003976		   0.0088486418		    0.036548558		            0.1		
              1		     0.39341418		     0.10718783		    0.021757464		   0.0035605253		  0.00083138631		   0.0022662737		    0.010890103		     0.03989149		            0.1		
              1		      0.4224555		     0.12708462		     0.02885359		   0.0053116511		   0.0013244297		   0.0030340485		    0.012910223		    0.042811234		            0.1		
              1		     0.44805747		     0.14652341		    0.036625304		   0.0074723985		   0.0019797236		   0.0038960882		    0.014886689		    0.045381779		            0.1		
              1		     0.47079111		     0.16535608		    0.044938475		    0.010039082		   0.0028131257		    0.004846172		    0.016806659		    0.047662062		            0.1		
              1		     0.49111395		     0.18349659		    0.053671938		    0.012998334		   0.0038363387		   0.0058795992		    0.018663961		    0.049699442		            0.1		
              1		     0.50939521		     0.20090176		    0.062719151		    0.016329749		   0.0050570379		   0.0069930546		    0.020457078		    0.051532318		            0.1		
              1		     0.52593502		      0.2175577		    0.071988276		    0.020008142		   0.0064791814		   0.0081843624		    0.022187693		    0.053192114		            0.1		
              1		     0.54097904		     0.23347011		    0.081401378		    0.024005401		    0.008103426		   0.0094522026		    0.023859634		     0.05470479		            0.1		
              1		     0.55472983		     0.24865751		    0.090893171		    0.028291945		   0.0099275933		    0.010795836		    0.025478102		    0.056091998		            0.1		
              1		     0.56735549		     0.26314652		     0.10040959		    0.032837841		    0.011947144		    0.012214864		    0.027049113		    0.057371962		            0.1		
              1		     0.57899649		     0.27696842		     0.10990632		    0.037613628		    0.014155634		    0.013709024		    0.028579093		    0.058560161		            0.1		
              1		     0.58977094		     0.29015694		     0.11934744		    0.042590901		    0.016545137		     0.01527804		    0.030074579		    0.059669844		            0.1		
              1		     0.59977883		     0.30274665		     0.12870414		    0.047742707		    0.019106619		    0.016921503		    0.031542012		    0.060712444		            0.1		
              1		     0.60910522		     0.31477189		     0.13795361		    0.053043789		     0.02183027		    0.018638797		    0.032987584		    0.061697891		            0.1		
              1		     0.61782299		     0.32626608		     0.14707807		    0.058470725		    0.024705783		    0.020429051		    0.034417141		    0.062634853		            0.1		
              1		     0.62599484		     0.33726133		     0.15606388		    0.064001971		    0.027722589		    0.022291116		    0.035836113		    0.063530936		            0.1		
              1		     0.63367504		     0.34778812		     0.16490087		    0.069617858		     0.03087005		     0.02422356		    0.037249477		    0.064392838		            0.1		
              1		     0.64091078		      0.3578752		      0.1735817		     0.07530053		    0.034137615		     0.02622468		    0.038661733		    0.065226468		            0.1		
              1		      0.6477433		     0.36754958		     0.18210135		    0.081033871		    0.037514939		    0.028292519		    0.040076905		    0.066037049		            0.1		
              1		     0.65420878		     0.37683648		     0.19045671		    0.086803393		    0.040991981		    0.030424896		    0.041498543		    0.066829196		            0.1		
              1		     0.66033911		     0.38575943		     0.19864619		    0.092596138		    0.044559069		     0.03261943		    0.042929741		    0.067606992		            0.1		
              1		     0.66616248		     0.39434032		     0.20666945		    0.098400552		    0.048206952		    0.034873575		    0.044373153		    0.068374034		            0.1		
              1		     0.67170397		     0.40259949		     0.21452713		     0.10420638		    0.051926831		    0.037184651		    0.045831023		     0.06913349		            0.1		
              1		      0.6769859		     0.41055584		     0.22222066		     0.11000454		    0.055710382		    0.039549871		    0.047305207		    0.069888139		            0.1		
              1		     0.68202824		     0.41822691		      0.2297521		     0.11578703		    0.059549758		    0.041966374		    0.048797206		    0.070640405		            0.1		
              1		     0.68684888		     0.42562898		     0.23712398		     0.12154681		    0.063437596		    0.044431249		    0.050308187		    0.071392395		            0.1		
              1		     0.69146396		     0.43277717		      0.2443392		     0.12727775		    0.067367004		    0.046941559		    0.051839023		    0.072145923		            0.1		
              1		     0.69588801		     0.43968551		     0.25140093		     0.13297446		    0.071331555		    0.049494361		    0.053390309		    0.072902543		            0.1		
              1		     0.70013418		     0.44636703		     0.25831255		      0.1386323		    0.075325265		    0.052086729		    0.054962398		    0.073663568		            0.1		
              1		      0.7042144		     0.45283388		     0.26507756		     0.14424724		    0.079342582		    0.054715763		    0.056555424		    0.074430093		            0.1		
              1		     0.70813952		     0.45909731		     0.27169956		     0.14981584		    0.083378361		     0.05737861		    0.058169323		    0.075203019		            0.1		
              1		     0.71191942		     0.46516783		     0.27818219		     0.15533514		    0.087427843		    0.060072471		    0.059803863		    0.075983069		            0.1		
              1		     0.71556315		     0.47105522		      0.2845291		     0.16080265		    0.091486638		    0.062794613		    0.061458659		    0.076770808		            0.1		
              1		     0.71907894		     0.47676859		     0.29074394		     0.16621627		      0.0955507		    0.065542374		    0.063133196		    0.077566654		            0.1		
              1		      0.7224744		     0.48231647		     0.29683029		     0.17157428		    0.099616305		    0.068313172		    0.064826847		    0.078370901		            0.1		
              1		     0.72575646		     0.48770679		     0.30279173		     0.17687525		     0.10368003		    0.071104507		    0.066538888		    0.079183725		            0.1		
              1		     0.72893156		     0.49294698		     0.30863174		     0.18211803		     0.10773874		    0.073913969		    0.068268518		    0.080005203		            0.1		
              1		     0.73200559		     0.49804401		     0.31435373		     0.18730174		     0.11178956		    0.076739233		    0.070014866		     0.08083532		            0.1		
              1		     0.73498401		     0.50300439		     0.31996104		     0.19242571		     0.11582986		    0.079578067		    0.071777009		    0.081673983		            0.1		
              1		     0.73787188		     0.50783422		     0.32545693		     0.19748944		     0.11985723		    0.082428331		     0.07355398		    0.082521031		            0.1		
              1		     0.74067387		     0.51253924		     0.33084456		     0.20249265		     0.12386947		    0.085287974		    0.075344783		    0.083376242		            0.1		
              1		     0.74339433		     0.51712482		       0.336127		     0.20743515		     0.12786461		    0.088155036		    0.077148395		    0.084239342		            0.1		
              1		      0.7460373		     0.52159603		     0.34130722		     0.21231692		      0.1318408		    0.091027647		    0.078963779		    0.085110015		            0.1		
              1		     0.74860652		     0.52595762		     0.34638812		     0.21713805		     0.13579641		    0.093904024		    0.080789892		    0.085987907		            0.1		
              1		     0.75110551		     0.53021408		     0.35137248		     0.22189872		     0.13972994		    0.096782471		    0.082625686		    0.086872632		            0.1		
              1		     0.75353752		     0.53436964		     0.35626302		      0.2265992		     0.14364003		    0.099661376		    0.084470118		    0.087763781		            0.1		
              1		     0.75590562		     0.53842827		     0.36106233		     0.23123984		     0.14752546		     0.10253921		    0.086322155		    0.088660924		            0.1		
              1		     0.75821265		     0.54239375		     0.36577295		     0.23582105		     0.15138514		     0.10541451		    0.088180775		    0.089563616		            0.1		
              1		     0.76046129		     0.54626962		     0.37039731		     0.24034329		     0.15521805		     0.10828592		    0.090044973		    0.090471402		            0.1		
              1		     0.76265405		     0.55005925		     0.37493776		     0.24480707		     0.15902333		     0.11115212		    0.091913762		    0.091383817		            0.1		
              1		     0.76479328		     0.55376583		     0.37939658		     0.24921296		     0.16280018		     0.11401189		    0.093786179		    0.092300393		            0.1		
              1		      0.7668812		     0.55739236		     0.38377596		     0.25356154		      0.1665479		     0.11686407		    0.095661283		    0.093220661		            0.1		
              1		     0.76891989		     0.56094171		     0.38807802		     0.25785343		     0.17026586		     0.11970757		    0.097538161		    0.094144152		            0.1		
              1		      0.7709113		     0.56441658		     0.39230479		     0.26208927		      0.1739535		     0.12254135		    0.099415926		    0.095070401		            0.1		
              1		     0.77285729		     0.56781955		     0.39645824		     0.26626972		     0.17761035		     0.12536444		     0.10129372		    0.095998948		            0.1		
              1		     0.77475959		     0.57115306		     0.40054028		     0.27039544		       0.181236		     0.12817594		     0.10317071		    0.096929341		            0.1		
              1		     0.77661986		     0.57441943		     0.40455273		     0.27446714		     0.18483007		     0.13097499		      0.1050461		    0.097861134		            0.1		
              1		     0.77843965		     0.57762088		     0.40849737		      0.2784855		     0.18839225		     0.13376079		     0.10691912		    0.098793892		            0.1		
              1		     0.78022044		     0.58075951		     0.41237589		     0.28245122		      0.1919223		     0.13653259		     0.10878903		    0.099727191		            0.1		
              1		     0.78196361		     0.58383732		     0.41618996		       0.286365		        0.19542		     0.13928968		     0.11065512		     0.10066062		            0.1		
              1		     0.78367049		     0.58685623		     0.41994116		     0.29022756		     0.19888516		     0.14203142		     0.11251671		     0.10159377		            0.1		
              1		     0.78534234		     0.58981805		     0.42363101		     0.29403959		     0.20231767		      0.1447572		     0.11437315		     0.10252626		            0.1		
              1		     0.78698033		     0.59272453		     0.42726101		     0.29780181		     0.20571741		     0.14746644		     0.11622384		     0.10345771		            0.1		
              1		     0.78858562		     0.59557732		     0.43083258		      0.3015149		     0.20908433		     0.15015862		     0.11806816		     0.10438776		            0.1		
              1		     0.79015926		     0.59837801		      0.4343471		     0.30517957		     0.21241837		     0.15283325		     0.11990557		     0.10531607		            0.1		
              1		     0.79170228		     0.60112813		     0.43780591		     0.30879651		     0.21571954		     0.15548989		     0.12173554		     0.10624229		            0.1		
              1		     0.79321566		     0.60382911		      0.4412103		      0.3123664		     0.21898785		     0.15812811		     0.12355755		      0.1071661		            0.1		
              1		     0.79470031		     0.60648235		     0.44456151		     0.31588992		     0.22222333		     0.16074754		     0.12537113		     0.10808721		            0.1		
              1		     0.79615714		     0.60908918		     0.44786074		     0.31936773		     0.22542604		     0.16334782		     0.12717583		      0.1090053		            0.1		
              1		     0.79758697		     0.61165088		     0.45110917		     0.32280051		     0.22859607		     0.16592863		     0.12897122		     0.10992011		            0.1		
              1		     0.79899062		     0.61416866		     0.45430791		      0.3261889		      0.2317335		     0.16848969		      0.1307569		     0.11083137		            0.1		
              1		     0.80036886		     0.61664369		     0.45745805		     0.32953355		     0.23483845		     0.17103071		     0.13253249		     0.11173882		            0.1		
              1		     0.80172241		     0.61907711		     0.46056065		      0.3328351		     0.23791104		     0.17355147		     0.13429764		     0.11264222		            0.1		
              1		     0.80305199		     0.62146999		     0.46361673		     0.33609416		     0.24095142		     0.17605176		     0.13605201		     0.11354135		            0.1		
              1		     0.80435827		     0.62382337		     0.46662728		     0.33931137		     0.24395974		     0.17853137		      0.1377953		     0.11443598		            0.1		
              1		     0.80564188		     0.62613824		     0.46959324		     0.34248732		     0.24693616		     0.18099014		     0.13952722		     0.11532592		            0.1		
              1		     0.80690346		     0.62841557		     0.47251555		     0.34562262		     0.24988085		     0.18342792		      0.1412475		     0.11621096		            0.1		
              1		     0.80814358		     0.63065627		      0.4753951		     0.34871785		     0.25279402		     0.18584458		     0.14295588		     0.11709094		            0.1		
              1		     0.80936282		     0.63286123		     0.47823276		     0.35177359		     0.25567583		     0.18824001		     0.14465214		     0.11796568		            0.1		
              1		     0.81056172		     0.63503131		     0.48102937		     0.35479041		     0.25852651		     0.19061413		     0.14633606		     0.11883502		            0.1		
              1		     0.81174081		     0.63716733		     0.48378576		     0.35776888		     0.26134624		     0.19296684		     0.14800745		     0.11969881		            0.1		
              1		     0.81290059		     0.63927008		      0.4865027		     0.36070953		     0.26413526		      0.1952981		     0.14966613		     0.12055692		            0.1		
              1		     0.81404154		     0.64134033		     0.48918098		     0.36361292		     0.26689378		     0.19760786		     0.15131193		     0.12140921		            0.1		
              1		     0.81516412		     0.64337881		     0.49182133		     0.36647958		     0.26962202		     0.19989609		      0.1529447		     0.12225556		            0.1		
              1		     0.81626878		     0.64538624		     0.49442448		     0.36931002		     0.27232022		     0.20216276		     0.15456431		     0.12309587		            0.1		
              1		     0.81735596		     0.64736331		     0.49699114		     0.37210476		     0.27498861		     0.20440789		     0.15617064		     0.12393003		            0.1		
              1		     0.81842606		     0.64931067		     0.49952198		     0.37486431		     0.27762743		     0.20663147		     0.15776359		     0.12475794		            0.1		
              1		     0.81947949		     0.65122896		     0.50201767		     0.37758917		     0.28023692		     0.20883352		     0.15934305		     0.12557953		            0.1		
              1		     0.82051662		     0.65311882		     0.50447885		     0.38027981		     0.28281732		     0.21101407		     0.16090894		      0.1263947		            0.1		
              1		     0.82153783		     0.65498083		     0.50690616		     0.38293671		     0.28536889		     0.21317316		     0.16246119		      0.1272034		            0.1		
              1		     0.82254348		     0.65681557		      0.5093002		     0.38556036		     0.28789187		     0.21531085		     0.16399975		     0.12800555		            0.1		
              1		     0.82353392		     0.65862361		     0.51166156		     0.38815121		     0.29038651		     0.21742718		     0.16552455		      0.1288011		            0.1		
              1		     0.82450946		     0.66040549		     0.51399082		     0.39070972		     0.29285307		     0.21952222		     0.16703556		        0.12959		            0.1		
              1		     0.82547045		     0.66216173		     0.51628855		     0.39323632		      0.2952918		     0.22159605		     0.16853276		     0.13037219		            0.1		
