     0.00000000		     0.10000000		     0.20000000		     0.30000000		     0.40000000		     0.50000000		     0.60000000		     0.70000000		     0.80000000		     0.90000000		
      1.0000000		     0.00000000		     0.00000000		     0.00000000		     0.00000000		     0.00000000		     0.00000000		     0.00000000		     0.00000000		     0.00000000		
              1		            0.1		              0		  1.110223e-016		  1.110223e-016		              0		              0		              0		           0.01		            0.1		
              1		           0.18		           0.01		  1.110223e-016		  1.110223e-016		 5.5511151e-017		              0		          0.001		          0.018		            0.1		
              1		          0.245		          0.026		          0.001		  1.110223e-016		 5.5511151e-017		         0.0001		         0.0026		         0.0245		            0.1		
              1		         0.2986		         0.0454		         0.0034		         0.0001		         1e-005		        0.00034		        0.00454		        0.02986		            0.1		
              1		        0.34342		        0.06652		        0.00727		       0.000421		       5.2e-005		       0.000727		       0.006652		       0.034342		            0.1		
              1		       0.381388		       0.088285		      0.0125101		       0.001069		      0.0001564		       0.001252		      0.0088285		      0.0381388		            0.1		
              1		      0.4139389		     0.11001781		     0.01894348		     0.00212185		     0.00035722		     0.00190009		     0.01100188		     0.04139389		            0.1		
              1		      0.4421529		     0.13130249		     0.02636875		     0.00362755		     0.00068797		    0.002655982		    0.013130902		      0.0442153		            0.1		
              1		     0.46685257		     0.15189415		    0.034588004		    0.005607712		   0.0011787292		   0.0035066728		     0.01519185		     0.04668533		            0.1		
              1		     0.48867147		     0.17165938		    0.043420589		   0.0080628429		   0.0018544218		   0.0044423961		     0.01717268		    0.048867449		            0.1		
              1		     0.50810311		     0.19053671		    0.052708694		    0.010977775		   0.0027340614		   0.0054566271		    0.019069129		    0.050811227		            0.1		
              1		     0.52553616		     0.20851055		    0.062318404		    0.014326496		   0.0038306894		   0.0065456207		    0.020882088		    0.052555895		            0.1		
              1		     0.54127999		      0.2255939		    0.072138427		    0.018076106		   0.0051517631		   0.0077077743		    0.022615822		    0.054132925		            0.1		
              1		     0.55558338		     0.24181696		    0.082077742		    0.022189904		   0.0066997985		    0.008942978		    0.024276728		    0.055567922		            0.1		
              1		      0.5686484		     0.25721968		     0.09206288		    0.026629677		    0.008473127		    0.010252035		    0.025872472		     0.05688201		            0.1		
              1		     0.58064069		     0.27184687		     0.10203524		    0.031357342		    0.010466673		    0.011636188		    0.027411382		    0.058092855		            0.1		
              1		     0.59169724		     0.28574509		     0.11194861		    0.036336065		    0.012672691		    0.013096756		     0.02890201		    0.059215423		            0.1		
              1		      0.6019323		     0.29896066		     0.12176701		    0.041530983		    0.015081435		    0.014634875		    0.030352826		    0.060262539		            0.1		
              1		      0.6114419		     0.31153846		     0.13146277		     0.04690963		    0.017681734		    0.016251326		    0.031772002		    0.061245314		            0.1		
              1		     0.62030737		     0.32352123		     0.14101502		    0.052442154		    0.020461483		    0.017946434		    0.033167266		    0.062173451		            0.1		
              1		     0.62859802		     0.33494922		     0.15040836		    0.058101374		    0.023408045		    0.019720022		    0.034545801		    0.063055488		            0.1		
              1		     0.63637334		     0.34586002		     0.15963175		    0.063862739		    0.026508576		    0.021571402		    0.035914192		     0.06389897		            0.1		
              1		     0.64368467		     0.35628852		     0.16867767		    0.069704224		    0.029750275		    0.023499399		    0.037278391		    0.064710595		            0.1		
              1		     0.65057659		     0.36626705		     0.17754141		    0.075606174		    0.033120582		    0.025502386		    0.038643712		    0.065496315		            0.1		
              1		     0.65708798		     0.37582544		     0.18622045		    0.081551138		    0.036607322		    0.027578338		     0.04001484		    0.066261423		            0.1		
              1		     0.66325293		      0.3849912		     0.19471402		    0.087523688		    0.040198805		    0.029724886		    0.041395848		    0.067010623		            0.1		
              1		     0.66910146		     0.39378965		      0.2030227		    0.093510233		    0.043883901		    0.031939374		    0.042790229		    0.067748083		            0.1		
              1		     0.67466013		     0.40224414		     0.21114815		    0.099498847		    0.047652082		    0.034218913		    0.044200929		    0.068477489		            0.1		
              1		     0.67995252		     0.41037614		     0.21909282		      0.1054791		    0.051493441		    0.036560431		    0.045630383		    0.069202084		            0.1		
              1		     0.68499963		     0.41820544		     0.22685978		     0.11144191		    0.055398706		    0.038960727		    0.047080558		    0.069924706		            0.1		
              1		     0.68982025		      0.4257503		     0.23445256		     0.11737937		    0.059359228		    0.041416508		     0.04855299		    0.070647821		            0.1		
              1		     0.69443123		     0.43302752		     0.24187501		     0.12328468		    0.063366971		    0.043924429		    0.050048825		    0.071373555		            0.1		
              1		     0.69884773		     0.44005264		     0.24913123		     0.12915194		    0.067414487		    0.046481122		    0.051568858		    0.072103727		            0.1		
              1		     0.70308345		     0.44684001		     0.25622544		     0.13497612		    0.071494896		    0.049083233		    0.053113572		    0.072839867		            0.1		
              1		     0.70715076		      0.4534029		     0.26316197		     0.14075293		    0.075601853		    0.051727433		    0.054683167		    0.073583251		            0.1		
              1		      0.7110609		     0.45975359		     0.26994516		     0.14647873		    0.079729519		    0.054410448		    0.056277602		    0.074334918		            0.1		
              1		     0.71482408		     0.46590348		     0.27657936		     0.15215045		    0.083872533		    0.057129071		    0.057896618		    0.075095694		            0.1		
              1		     0.71844961		     0.47186313		     0.28306888		     0.15776555		    0.088025978		    0.059880172		    0.059539771		    0.075866217		            0.1		
              1		       0.721946		     0.47764235		     0.28941797		     0.16332193		    0.092185355		    0.062660712		    0.061206456		    0.076646951		            0.1		
              1		     0.72532104		     0.48325028		      0.2956308		     0.16881787		    0.096346548		    0.065467751		    0.062895931		    0.077438206		            0.1		
              1		     0.72858186		     0.48869541		     0.30171146		     0.17425203		      0.1005058		    0.068298449		     0.06460734		    0.078240158		            0.1		
              1		     0.73173503		     0.49398566		     0.30766391		     0.17962335		     0.10465969		    0.071150073		    0.066339733		    0.079052861		            0.1		
              1		     0.73478659		     0.49912842		     0.31349203		     0.18493104		     0.10880509		    0.074020001		     0.06809208		    0.079876262		            0.1		
              1		     0.73774211		      0.5041306		     0.31919957		     0.19017455		     0.11293918		    0.076905718		     0.06986329		    0.080710217		            0.1		
              1		     0.74060675		     0.50899864		     0.32479017		     0.19535351		     0.11705937		    0.079804821		    0.071652226		    0.081554503		            0.1		
              1		     0.74338526		     0.51373861		     0.33026735		     0.20046776		     0.12116333		    0.082715016		    0.073457713		    0.082408825		            0.1		
              1		     0.74608207		     0.51835615		     0.33563452		     0.20551728		     0.12524894		    0.085634117		    0.075278554		    0.083272831		            0.1		
              1		     0.74870127		     0.52285658		     0.34089496		     0.21050217		     0.12931429		    0.088560043		    0.077113538		     0.08414612		            0.1		
              1		     0.75124667		     0.52724488		     0.34605184		     0.21542266		     0.13335766		    0.091490818		    0.078961447		     0.08502825		            0.1		
              1		     0.75372183		     0.53152576		     0.35110823		     0.22027908		     0.13737747		    0.094424564		    0.080821064		    0.085918745		            0.1		
              1		     0.75613004		     0.53570361		     0.35606706		     0.22507183		     0.14137234		    0.097359505		    0.082691182		    0.086817102		            0.1		
              1		     0.75847439		      0.5397826		      0.3609312		     0.22980141		     0.14534101		     0.10029396		    0.084570607		      0.0877228		            0.1		
              1		     0.76075777		     0.54376664		     0.36570336		     0.23446835		     0.14928234		     0.10322633		    0.086458161		    0.088635301		            0.1		
              1		     0.76298288		     0.54765942		     0.37038618		     0.23907325		     0.15319534		     0.10615511		    0.088352692		    0.089554057		            0.1		
              1		     0.76515225		     0.55146445		     0.37498221		     0.24361675		     0.15707911		     0.10907889		     0.09025307		    0.090478515		            0.1		
              1		     0.76726824		       0.555185		     0.37949389		     0.24809953		     0.16093285		     0.11199633		    0.092158197		    0.091408119		            0.1		
              1		      0.7693331		     0.55882422		     0.38392357		      0.2525223		     0.16475587		     0.11490617		    0.094067002		    0.092342315		            0.1		
              1		      0.7713489		     0.56238504		      0.3882735		     0.25688578		     0.16854754		     0.11780722		     0.09597845		    0.093280552		            0.1		
              1		     0.77331762		     0.56587027		     0.39254589		     0.26119073		     0.17230733		     0.12069838		    0.097891538		    0.094222287		            0.1		
              1		     0.77524112		     0.56928257		     0.39674281		     0.26543791		     0.17603478		     0.12357859		    0.099805297		    0.095166983		            0.1		
              1		     0.77712116		     0.57262445		     0.40086629		     0.26962808		     0.17972947		     0.12644688		     0.10171879		    0.096114116		            0.1		
              1		     0.77895937		      0.5758983		     0.40491829		     0.27376204		     0.18339107		     0.12930233		     0.10363114		    0.097063172		            0.1		
              1		     0.78075733		     0.57910641		     0.40890067		     0.27784057		      0.1870193		     0.13214408		     0.10554146		    0.098013651		            0.1		
              1		      0.7825165		     0.58225093		     0.41281523		     0.28186445		      0.1906139		     0.13497134		     0.10744894		    0.098965067		            0.1		
              1		     0.78423829		     0.58533391		     0.41666372		     0.28583448		      0.1941747		     0.13778336		     0.10935279		    0.099916948		            0.1		
              1		     0.78592403		     0.58835733		     0.42044782		     0.28975142		     0.19770154		     0.14057944		     0.11125227		     0.10086884		            0.1		
              1		     0.78757495		     0.59132305		     0.42416913		     0.29361607		     0.20119432		     0.14335893		     0.11314664		      0.1018203		            0.1		
              1		     0.78919227		     0.59423285		     0.42782922		      0.2974292		     0.20465296		     0.14612124		     0.11503523		      0.1027709		            0.1		
              1		      0.7907771		     0.59708843		     0.43142958		     0.30119158		     0.20807741		     0.14886581		      0.1169174		     0.10372024		            0.1		
              1		     0.79233052		     0.59989141		     0.43497166		     0.30490396		     0.21146767		     0.15159213		     0.11879253		     0.10466794		            0.1		
              1		     0.79385356		     0.60264335		     0.43845687		      0.3085671		     0.21482374		     0.15429972		     0.12066003		      0.1056136		            0.1		
              1		     0.79534718		     0.60534572		     0.44188654		     0.31218174		     0.21814568		     0.15698816		     0.12251935		     0.10655688		            0.1		
              1		     0.79681232		     0.60799995		     0.44526198		     0.31574862		     0.22143353		     0.15965703		     0.12436999		     0.10749744		            0.1		
              1		     0.79824985		     0.61060739		     0.44858444		     0.31926845		     0.22468739		     0.16230597		     0.12621144		     0.10843495		            0.1		
              1		     0.79966062		     0.61316934		     0.45185513		     0.32274194		     0.22790735		     0.16493466		     0.12804324		     0.10936911		            0.1		
              1		     0.80104543		     0.61568705		     0.45507524		      0.3261698		     0.23109354		     0.16754279		     0.12986497		     0.11029961		            0.1		
              1		     0.80240505		      0.6181617		     0.45824587		     0.32955272		     0.23424609		     0.17013008		     0.13167622		     0.11122618		            0.1		
              1		     0.80374021		     0.62059446		     0.46136814		     0.33289137		     0.23736516		      0.1726963		      0.1334766		     0.11214857		            0.1		
              1		     0.80505161		      0.6229864		      0.4644431		     0.33618643		     0.24045089		     0.17524121		     0.13526577		     0.11306652		            0.1		
              1		     0.80633993		     0.62533859		     0.46747176		     0.33943854		     0.24350348		     0.17776464		     0.13704339		     0.11397979		            0.1		
              1		      0.8076058		     0.62765204		     0.47045512		     0.34264836		      0.2465231		      0.1802664		     0.13880915		     0.11488817		            0.1		
              1		     0.80884985		     0.62992772		     0.47339414		     0.34581651		     0.24950995		     0.18274634		     0.14056278		     0.11579145		            0.1		
              1		     0.81007265		     0.63216658		     0.47628973		     0.34894361		     0.25246425		     0.18520435		       0.142304		     0.11668944		            0.1		
              1		     0.81127478		      0.6343695		      0.4791428		     0.35203029		     0.25538619		      0.1876403		     0.14403258		     0.11758195		            0.1		
              1		     0.81245677		     0.63653736		     0.48195422		     0.35507713		     0.25827601		     0.19005412		     0.14574829		     0.11846882		            0.1		
              1		     0.81361915		     0.63867099		     0.48472483		     0.35808473		     0.26113394		     0.19244573		     0.14745093		     0.11934988		            0.1		
              1		     0.81476242		     0.64077119		     0.48745543		     0.36105366		      0.2639602		     0.19481507		      0.1491403		       0.120225		            0.1		
              1		     0.81588706		     0.64283874		     0.49014683		     0.36398449		     0.26675503		      0.1971621		     0.15081625		     0.12109403		            0.1		
              1		     0.81699352		     0.64487438		     0.49279979		     0.36687778		     0.26951868		     0.19948681		     0.15247861		     0.12195685		            0.1		
              1		     0.81808225		     0.64687883		     0.49541505		     0.36973407		      0.2722514		     0.20178918		     0.15412725		     0.12281334		            0.1		
              1		     0.81915368		      0.6488528		     0.49799333		      0.3725539		     0.27495345		     0.20406921		     0.15576206		      0.1236634		            0.1		
              1		     0.82020823		     0.65079694		     0.50053533		      0.3753378		     0.27762507		     0.20632692		     0.15738291		     0.12450692		            0.1		
              1		     0.82124628		     0.65271191		     0.50304174		     0.37808628		     0.28026653		     0.20856233		     0.15898971		     0.12534383		            0.1		
              1		     0.82226821		     0.65459833		     0.50551321		     0.38079985		     0.28287808		     0.21077549		     0.16058238		     0.12617403		            0.1		
              1		      0.8232744		      0.6564568		     0.50795038		     0.38347901		        0.28546		     0.21296644		     0.16216086		     0.12699747		            0.1		
              1		      0.8242652		     0.65828792		     0.51035389		     0.38612425		     0.28801254		     0.21513524		     0.16372508		     0.12781406		            0.1		
              1		     0.82524095		     0.66009225		     0.51272433		     0.38873604		     0.29053598		     0.21728195		     0.16527499		     0.12862375		            0.1		
              1		     0.82620199		     0.66187032		     0.51506229		     0.39131486		     0.29303059		     0.21940666		     0.16681056		      0.1294265		            0.1		
              1		     0.82714862		     0.66362269		     0.51736835		     0.39386118		     0.29549662		     0.22150944		     0.16833177		     0.13022226		            0.1		
              1		     0.82808117		     0.66534985		     0.51964307		     0.39637544		     0.29793436		     0.22359039		     0.16983858		     0.13101098		            0.1		
