     0.00000000      1.0000000
    0.010000000     0.94624736
    0.020000000     0.89273840
    0.030000000     0.83971350
    0.040000000     0.78740649
    0.050000000     0.73604157
    0.060000000     0.68583043
    0.070000000     0.63696968
    0.080000000     0.58963855
    0.090000000     0.54399700
     0.10000000     0.50018426
     0.11000000     0.45831769
     0.12000000     0.41849223
     0.13000000     0.38078011
     0.14000000     0.34523107
     0.15000000     0.31187296
     0.16000000     0.28071267
     0.17000000     0.25173733
     0.18000000     0.22491588
     0.19000000     0.20020078
     0.20000000     0.17752985
     0.21000000     0.15682830
     0.22000000     0.13801074
     0.23000000     0.12098326
     0.24000000     0.10564543
     0.25000000    0.091892211
     0.26000000    0.079615801
     0.27000000    0.068707300
     0.28000000    0.059058229
     0.29000000    0.050561875
     0.30000000    0.043114447
     0.31000000    0.036616041
     0.32000000    0.030971432
     0.33000000    0.026090668
     0.34000000    0.021889518
     0.35000000    0.018289743
     0.36000000    0.015219242
     0.37000000    0.012612069
     0.38000000    0.010408346
     0.39000000   0.0085540851
     0.40000000   0.0070009420
     0.41000000   0.0057059153
     0.42000000   0.0046310039
     0.43000000   0.0037428397
     0.44000000   0.0030123055
     0.45000000   0.0024141493
     0.46000000   0.0019266038
     0.47000000   0.0015310163
     0.48000000   0.0012114974
     0.49000000  0.00095458958
     0.50000000  0.00074896045
     0.51000000  0.00058512091
     0.52000000  0.00045516997
     0.53000000  0.00035256536
     0.54000000  0.00027191971
     0.55000000  0.00020882082
     0.56000000  0.00015967470
     0.57000000  0.00012156959
     0.58000000 9.2158968E-005
     0.59000000 6.9561924E-005
     0.60000000 5.2278658E-005
     0.61000000 3.9119543E-005
     0.62000000 2.9145892E-005
     0.63000000 2.1620859E-005
     0.64000000 1.5969026E-005
     0.65000000 1.1743343E-005
     0.66000000 8.5982677E-006
     0.67000000 6.2680739E-006
     0.68000000 4.5494547E-006
     0.69000000 3.2876449E-006
     0.70000000 2.3654241E-006
     0.71000000 1.6944550E-006
     0.72000000 1.2084991E-006
     0.73000000 8.5813644E-007
     0.74000000 6.0667841E-007
     0.75000000 4.2702318E-007
     0.76000000 2.9924965E-007
     0.77000000 2.0878715E-007
     0.78000000 1.4503087E-007
     0.79000000 1.0030034E-007
     0.80000000 6.9060285E-008
     0.81000000 4.7340967E-008
     0.82000000 3.2309294E-008
     0.83000000 2.1953222E-008
     0.84000000 1.4850748E-008
     0.85000000 1.0001762E-008
     0.86000000 6.7062779E-009
     0.87000000 4.4767399E-009
     0.88000000 2.9751922E-009
     0.89000000 1.9685055E-009
     0.90000000 1.2966318E-009
     0.91000000 8.5022082E-010
     0.92000000 5.5491148E-010
     0.93000000 3.6036837E-010
     0.94000000 2.3266540E-010
     0.95000000 1.4901828E-010
     0.96000000 9.4155531E-011
     0.97000000 5.7821865E-011
     0.98000000 3.3056998E-011
     0.99000000 1.4994965E-011
      1.0000000     0.00000000
