     0.00000000      1.0000000
    0.010000000     0.97027148
    0.020000000     0.94058422
    0.030000000     0.91097929
    0.040000000     0.88149745
    0.050000000     0.85217893
    0.060000000     0.82306327
    0.070000000     0.79418922
    0.080000000     0.76559448
    0.090000000     0.73731568
     0.10000000     0.70938812
     0.11000000     0.68184571
     0.12000000     0.65472085
     0.13000000     0.62804427
     0.14000000     0.60184497
     0.15000000     0.57615012
     0.16000000     0.55098499
     0.17000000     0.52637285
     0.18000000     0.50233495
     0.19000000     0.47889049
     0.20000000     0.45605654
     0.21000000     0.43384807
     0.22000000     0.41227791
     0.23000000     0.39135680
     0.24000000     0.37109337
     0.25000000     0.35149418
     0.26000000     0.33256375
     0.27000000     0.31430466
     0.28000000     0.29671753
     0.29000000     0.27980113
     0.30000000     0.26355248
     0.31000000     0.24796686
     0.32000000     0.23303798
     0.33000000     0.21875800
     0.34000000     0.20511768
     0.35000000     0.19210644
     0.36000000     0.17971249
     0.37000000     0.16792294
     0.38000000     0.15672387
     0.39000000     0.14610046
     0.40000000     0.13603713
     0.41000000     0.12651755
     0.42000000     0.11752486
     0.43000000     0.10904168
     0.44000000     0.10105025
     0.45000000    0.093532505
     0.46000000    0.086470186
     0.47000000    0.079844910
     0.48000000    0.073638255
     0.49000000    0.067831841
     0.50000000    0.062407396
     0.51000000    0.057346824
     0.52000000    0.052632268
     0.53000000    0.048246164
     0.54000000    0.044171292
     0.55000000    0.040390820
     0.56000000    0.036888345
     0.57000000    0.033647927
     0.58000000    0.030654118
     0.59000000    0.027891986
     0.60000000    0.025347137
     0.61000000    0.023005731
     0.62000000    0.020854491
     0.63000000    0.018880711
     0.64000000    0.017072260
     0.65000000    0.015417585
     0.66000000    0.013905705
     0.67000000    0.012526207
     0.68000000    0.011269237
     0.69000000    0.010125490
     0.70000000   0.0090862001
     0.71000000   0.0081431221
     0.72000000   0.0072885184
     0.73000000   0.0065151417
     0.74000000   0.0058162169
     0.75000000   0.0051854219
     0.76000000   0.0046168688
     0.77000000   0.0041050832
     0.78000000   0.0036449843
     0.79000000   0.0032318645
     0.80000000   0.0028613686
     0.81000000   0.0025294739
     0.82000000   0.0022324696
     0.83000000   0.0019669373
     0.84000000   0.0017297310
     0.85000000   0.0015179586
     0.86000000   0.0013289626
     0.87000000   0.0011603025
     0.88000000   0.0010097369
     0.89000000  0.00087520671
     0.90000000  0.00075481827
     0.91000000  0.00064682761
     0.92000000  0.00054962490
     0.93000000  0.00046171952
     0.94000000  0.00038172547
     0.95000000  0.00030834737
     0.96000000  0.00024036673
     0.97000000  0.00017662859
     0.98000000  0.00011602848
     0.99000000 5.7499557E-005
      1.0000000     0.00000000
