     0.00000000      1.0000000
    0.010000000     0.97398049
    0.020000000     0.94798864
    0.030000000     0.92205203
    0.040000000     0.89619806
    0.050000000     0.87045386
    0.060000000     0.84484622
    0.070000000     0.81940150
    0.080000000     0.79414554
    0.090000000     0.76910360
     0.10000000     0.74430025
     0.11000000     0.71975935
     0.12000000     0.69550392
     0.13000000     0.67155615
     0.14000000     0.64793726
     0.15000000     0.62466751
     0.16000000     0.60176610
     0.17000000     0.57925117
     0.18000000     0.55713972
     0.19000000     0.53544763
     0.20000000     0.51418955
     0.21000000     0.49337895
     0.22000000     0.47302808
     0.23000000     0.45314793
     0.24000000     0.43374827
     0.25000000     0.41483760
     0.26000000     0.39642320
     0.27000000     0.37851112
     0.28000000     0.36110616
     0.29000000     0.34421196
     0.30000000     0.32783096
     0.31000000     0.31196446
     0.32000000     0.29661264
     0.33000000     0.28177458
     0.34000000     0.26744836
     0.35000000     0.25363101
     0.36000000     0.24031863
     0.37000000     0.22750640
     0.38000000     0.21518864
     0.39000000     0.20335885
     0.40000000     0.19200978
     0.41000000     0.18113347
     0.42000000     0.17072131
     0.43000000     0.16076409
     0.44000000     0.15125204
     0.45000000     0.14217493
     0.46000000     0.13352207
     0.47000000     0.12528240
     0.48000000     0.11744453
     0.49000000     0.10999679
     0.50000000     0.10292727
     0.51000000    0.096223900
     0.52000000    0.089874461
     0.53000000    0.083866652
     0.54000000    0.078188126
     0.55000000    0.072826528
     0.56000000    0.067769538
     0.57000000    0.063004905
     0.58000000    0.058520480
     0.59000000    0.054304249
     0.60000000    0.050344360
     0.61000000    0.046629151
     0.62000000    0.043147175
     0.63000000    0.039887217
     0.64000000    0.036838320
     0.65000000    0.033989794
     0.66000000    0.031331238
     0.67000000    0.028852548
     0.68000000    0.026543927
     0.69000000    0.024395896
     0.70000000    0.022399298
     0.71000000    0.020545303
     0.72000000    0.018825408
     0.73000000    0.017231444
     0.74000000    0.015755568
     0.75000000    0.014390266
     0.76000000    0.013128345
     0.77000000    0.011962933
     0.78000000    0.010887468
     0.79000000   0.0098956929
     0.80000000   0.0089816489
     0.81000000   0.0081396635
     0.82000000   0.0073643420
     0.83000000   0.0066505565
     0.84000000   0.0059934348
     0.85000000   0.0053883481
     0.86000000   0.0048308989
     0.87000000   0.0043169080
     0.88000000   0.0038424012
     0.89000000   0.0034035956
     0.90000000   0.0029968859
     0.91000000   0.0026188302
     0.92000000   0.0022661356
     0.93000000   0.0019356437
     0.94000000   0.0016243159
     0.95000000   0.0013292188
     0.96000000   0.0010475092
     0.97000000  0.00077641903
     0.98000000  0.00051324071
     0.99000000  0.00025531178
      1.0000000     0.00000000
