     0.00000000      1.0000000
    0.010000000     0.96012239
    0.020000000     0.92034433
    0.030000000     0.88076462
    0.040000000     0.84148058
    0.050000000     0.80258735
    0.060000000     0.76417716
    0.070000000     0.72633870
    0.080000000     0.68915652
    0.090000000     0.65271044
     0.10000000     0.61707508
     0.11000000     0.58231937
     0.12000000     0.54850624
     0.13000000     0.51569222
     0.14000000     0.48392730
     0.15000000     0.45325470
     0.16000000     0.42371080
     0.17000000     0.39532509
     0.18000000     0.36812025
     0.19000000     0.34211225
     0.20000000     0.31731051
     0.21000000     0.29371811
     0.22000000     0.27133212
     0.23000000     0.25014387
     0.24000000     0.23013934
     0.25000000     0.21129955
     0.26000000     0.19360097
     0.27000000     0.17701598
     0.28000000     0.16151332
     0.29000000     0.14705852
     0.30000000     0.13361440
     0.31000000     0.12114152
     0.32000000     0.10959858
     0.33000000    0.098942936
     0.34000000    0.089130926
     0.35000000    0.080118314
     0.36000000    0.071860638
     0.37000000    0.064313550
     0.38000000    0.057433120
     0.39000000    0.051176119
     0.40000000    0.045500264
     0.41000000    0.040364431
     0.42000000    0.035728841
     0.43000000    0.031555215
     0.44000000    0.027806895
     0.45000000    0.024448945
     0.46000000    0.021448220
     0.47000000    0.018773411
     0.48000000    0.016395072
     0.49000000    0.014285621
     0.50000000    0.012419331
     0.51000000    0.010772292
     0.52000000   0.0093223760
     0.53000000   0.0080491771
     0.54000000   0.0069339476
     0.55000000   0.0059595265
     0.56000000   0.0051102607
     0.57000000   0.0043719229
     0.58000000   0.0037316266
     0.59000000   0.0031777393
     0.60000000   0.0026997961
     0.61000000   0.0022884137
     0.62000000   0.0019352064
     0.63000000   0.0016327046
     0.64000000   0.0013742759
     0.65000000   0.0011540501
     0.66000000  0.00096684826
     0.67000000  0.00080811557
     0.68000000  0.00067385849
     0.69000000  0.00056058650
     0.70000000  0.00046525808
     0.71000000  0.00038523104
     0.72000000  0.00031821702
     0.73000000  0.00026224009
     0.74000000  0.00021559917
     0.75000000  0.00017683416
     0.76000000  0.00014469552
     0.77000000  0.00011811705
     0.78000000 9.6191627E-005
     0.79000000 7.8149745E-005
     0.80000000 6.3340510E-005
     0.81000000 5.1214952E-005
     0.82000000 4.1311379E-005
     0.83000000 3.3242612E-005
     0.84000000 2.6684867E-005
     0.85000000 2.1368127E-005
     0.86000000 1.7067830E-005
     0.87000000 1.3597708E-005
     0.88000000 1.0803653E-005
     0.89000000 8.5584620E-006
     0.90000000 6.7573671E-006
     0.91000000 5.3142217E-006
     0.92000000 4.1582685E-006
     0.93000000 3.2313961E-006
     0.94000000 2.4858122E-006
     0.95000000 1.8820673E-006
     0.96000000 1.3873678E-006
     0.97000000 9.7412828E-007
     0.98000000 6.1871307E-007
     0.99000000 3.0032475E-007
      1.0000000     0.00000000
