     0.00000000      1.0000000
    0.010000000     0.96895023
    0.020000000     0.93794746
    0.030000000     0.90703848
    0.040000000     0.87626966
    0.050000000     0.84568674
    0.060000000     0.81533459
    0.070000000     0.78525710
    0.080000000     0.75549687
    0.090000000     0.72609516
     0.10000000     0.69709161
     0.11000000     0.66852414
     0.12000000     0.64042879
     0.13000000     0.61283958
     0.14000000     0.58578841
     0.15000000     0.55930495
     0.16000000     0.53341651
     0.17000000     0.50814805
     0.18000000     0.48352206
     0.19000000     0.45955852
     0.20000000     0.43627493
     0.21000000     0.41368623
     0.22000000     0.39180485
     0.23000000     0.37064075
     0.24000000     0.35020139
     0.25000000     0.33049184
     0.26000000     0.31151480
     0.27000000     0.29327073
     0.28000000     0.27575785
     0.29000000     0.25897231
     0.30000000     0.24290826
     0.31000000     0.22755796
     0.32000000     0.21291190
     0.33000000     0.19895893
     0.34000000     0.18568637
     0.35000000     0.17308015
     0.36000000     0.16112495
     0.37000000     0.14980430
     0.38000000     0.13910077
     0.39000000     0.12899601
     0.40000000     0.11947099
     0.41000000     0.11050602
     0.42000000     0.10208096
     0.43000000    0.094175273
     0.44000000    0.086768171
     0.45000000    0.079838718
     0.46000000    0.073365925
     0.47000000    0.067328850
     0.48000000    0.061706687
     0.49000000    0.056478845
     0.50000000    0.051625028
     0.51000000    0.047125298
     0.52000000    0.042960138
     0.53000000    0.039110508
     0.54000000    0.035557892
     0.55000000    0.032284337
     0.56000000    0.029272488
     0.57000000    0.026505618
     0.58000000    0.023967647
     0.59000000    0.021643163
     0.60000000    0.019517431
     0.61000000    0.017576397
     0.62000000    0.015806697
     0.63000000    0.014195647
     0.64000000    0.012731244
     0.65000000    0.011402153
     0.66000000    0.010197694
     0.67000000   0.0091078293
     0.68000000   0.0081231458
     0.69000000   0.0072348350
     0.70000000   0.0064346725
     0.71000000   0.0057149960
     0.72000000   0.0050686815
     0.73000000   0.0044891200
     0.74000000   0.0039701921
     0.75000000   0.0035062438
     0.76000000   0.0030920611
     0.77000000   0.0027228453
     0.78000000   0.0023941881
     0.79000000   0.0021020475
     0.80000000   0.0018427239
     0.81000000   0.0016128367
     0.82000000   0.0014093023
     0.83000000   0.0012293117
     0.84000000   0.0010703100
     0.85000000  0.00092997592
     0.86000000  0.00080620281
     0.87000000  0.00069707991
     0.88000000  0.00060087498
     0.89000000  0.00051601748
     0.90000000  0.00044108266
     0.91000000  0.00037477641
     0.92000000  0.00031592087
     0.93000000  0.00026344070
     0.94000000  0.00021635004
     0.95000000  0.00017373997
     0.96000000  0.00013476656
     0.97000000 9.8639355E-005
     0.98000000 6.4610188E-005
     0.99000000 3.1962356E-005
      1.0000000     0.00000000
