     0.00000000      1.0000000
    0.010000000     0.91097929
    0.020000000     0.82306327
    0.030000000     0.73731568
    0.040000000     0.65472085
    0.050000000     0.57615012
    0.060000000     0.50233495
    0.070000000     0.43384807
    0.080000000     0.37109337
    0.090000000     0.31430466
     0.10000000     0.26355248
     0.11000000     0.21875800
     0.12000000     0.17971249
     0.13000000     0.14610047
     0.14000000     0.11752487
     0.15000000    0.093532513
     0.16000000    0.073638270
     0.17000000    0.057346852
     0.18000000    0.044171345
     0.19000000    0.033648026
     0.20000000    0.025347319
     0.21000000    0.018881040
     0.22000000    0.013906297
     0.23000000    0.010126540
     0.24000000   0.0072903581
     0.25000000   0.0051886076
     0.26000000   0.0036504344
     0.27000000   0.0025386867
     0.28000000   0.0017451187
     0.29000000   0.0011856973
     0.30000000  0.00079623016
     0.31000000  0.00052844925
     0.32000000  0.00034661935
     0.33000000  0.00022468449
     0.34000000  0.00014392986
     0.35000000 9.1111621E-005
     0.36000000 5.6994116E-005
     0.37000000 3.5229673E-005
     0.38000000 2.1517864E-005
     0.39000000 1.2986493E-005
     0.40000000 7.7442164E-006
     0.41000000 4.5629663E-006
     0.42000000 2.6563968E-006
     0.43000000 1.5279415E-006
     0.44000000 8.6832281E-007
     0.45000000 4.8753900E-007
     0.46000000 2.7044848E-007
     0.47000000 1.4821783E-007
     0.48000000 8.0251113E-008
     0.49000000 4.2927017E-008
     0.50000000 2.2684749E-008
     0.51000000 1.1842835E-008
     0.52000000 6.1078863E-009
     0.53000000 3.1119677E-009
     0.54000000 1.5663311E-009
     0.55000000 7.7881146E-010
     0.56000000 3.8254017E-010
     0.57000000 1.8561547E-010
     0.58000000 8.8969110E-011
     0.59000000 4.2125803E-011
     0.60000000 1.9703350E-011
     0.61000000 9.1035512E-012
     0.62000000 4.1549542E-012
     0.63000000 1.8729462E-012
     0.64000000 8.3422158E-013
     0.65000000 3.6703973E-013
     0.66000000 1.5965007E-013
     0.67000000 6.8334227E-014
     0.68000000 2.9198866E-014
     0.69000000 1.2212453E-014
     0.70000000 4.8849813E-015
     0.71000000 1.8873791E-015
     0.72000000 8.8817842E-016
     0.73000000 2.2204460E-016
     0.74000000 3.8857806E-016
     0.75000000 8.3266727E-017
     0.76000000-5.5511151E-017
     0.77000000 5.5511151E-017
     0.78000000-1.6653345E-016
     0.79000000-2.7755576E-017
     0.80000000-1.3877788E-016
     0.81000000     0.00000000
     0.82000000-1.1102230E-016
     0.83000000 1.1102230E-016
     0.84000000-2.7755576E-017
     0.85000000-1.1102230E-016
     0.86000000-8.3266727E-017
     0.87000000-2.7755576E-017
     0.88000000-1.8041124E-016
     0.89000000 1.3877788E-017
     0.90000000-8.3266727E-017
     0.91000000-1.9428903E-016
     0.92000000-1.3877788E-017
     0.93000000-9.7144515E-017
     0.94000000 8.3266727E-017
     0.95000000-6.9388939E-018
     0.96000000 5.5511151E-017
     0.97000000-1.2143064E-016
     0.98000000-7.9797280E-017
     0.99000000-8.1532003E-017
      1.0000000     0.00000000
