     0.00000000      1.0000000
    0.010000000     0.97279763
    0.020000000     0.94562688
    0.030000000     0.91851923
    0.040000000     0.89150597
    0.050000000     0.86461805
    0.060000000     0.83788598
    0.070000000     0.81133975
    0.080000000     0.78500870
    0.090000000     0.75892143
     0.10000000     0.73310571
     0.11000000     0.70758841
     0.12000000     0.68239539
     0.13000000     0.65755142
     0.14000000     0.63308013
     0.15000000     0.60900396
     0.16000000     0.58534404
     0.17000000     0.56212019
     0.18000000     0.53935086
     0.19000000     0.51705311
     0.20000000     0.49524253
     0.21000000     0.47393327
     0.22000000     0.45313801
     0.23000000     0.43286792
     0.24000000     0.41313270
     0.25000000     0.39394056
     0.26000000     0.37529825
     0.27000000     0.35721106
     0.28000000     0.33968285
     0.29000000     0.32271608
     0.30000000     0.30631185
     0.31000000     0.29046995
     0.32000000     0.27518886
     0.33000000     0.26046587
     0.34000000     0.24629708
     0.35000000     0.23267747
     0.36000000     0.21960097
     0.37000000     0.20706050
     0.38000000     0.19504807
     0.39000000     0.18355482
     0.40000000     0.17257108
     0.41000000     0.16208647
     0.42000000     0.15208992
     0.43000000     0.14256980
     0.44000000     0.13351394
     0.45000000     0.12490970
     0.46000000     0.11674406
     0.47000000     0.10900366
     0.48000000     0.10167489
     0.49000000    0.094743909
     0.50000000    0.088196750
     0.51000000    0.082019337
     0.52000000    0.076197561
     0.53000000    0.070717317
     0.54000000    0.065564560
     0.55000000    0.060725345
     0.56000000    0.056185868
     0.57000000    0.051932504
     0.58000000    0.047951842
     0.59000000    0.044230716
     0.60000000    0.040756235
     0.61000000    0.037515806
     0.62000000    0.034497158
     0.63000000    0.031688359
     0.64000000    0.029077835
     0.65000000    0.026654381
     0.66000000    0.024407176
     0.67000000    0.022325784
     0.68000000    0.020400169
     0.69000000    0.018620691
     0.70000000    0.016978112
     0.71000000    0.015463593
     0.72000000    0.014068695
     0.73000000    0.012785369
     0.74000000    0.011605957
     0.75000000    0.010523181
     0.76000000   0.0095301350
     0.77000000   0.0086202771
     0.78000000   0.0077874172
     0.79000000   0.0070257065
     0.80000000   0.0063296251
     0.81000000   0.0056939687
     0.82000000   0.0051138358
     0.83000000   0.0045846129
     0.84000000   0.0041019608
     0.85000000   0.0036617994
     0.86000000   0.0032602929
     0.87000000   0.0028938345
     0.88000000   0.0025590315
     0.89000000   0.0022526893
     0.90000000   0.0019717965
     0.91000000   0.0017135090
     0.92000000   0.0014751350
     0.93000000   0.0012541191
     0.94000000   0.0010480272
     0.95000000  0.00085453121
     0.96000000  0.00067139364
     0.97000000  0.00049645242
     0.98000000  0.00032760580
     0.99000000  0.00016279716
      1.0000000     0.00000000
