     0.00000000      1.0000000
    0.010000000     0.95542012
    0.020000000     0.91097929
    0.030000000     0.86681529
    0.040000000     0.82306327
    0.050000000     0.77985462
    0.060000000     0.73731568
    0.070000000     0.69556671
    0.080000000     0.65472085
    0.090000000     0.61488321
     0.10000000     0.57615012
     0.11000000     0.53860842
     0.12000000     0.50233495
     0.13000000     0.46739622
     0.14000000     0.43384807
     0.15000000     0.40173564
     0.16000000     0.37109337
     0.17000000     0.34194516
     0.18000000     0.31430466
     0.19000000     0.28817563
     0.20000000     0.26355248
     0.21000000     0.24042079
     0.22000000     0.21875800
     0.23000000     0.19853414
     0.24000000     0.17971249
     0.25000000     0.16225050
     0.26000000     0.14610047
     0.27000000     0.13121041
     0.28000000     0.11752487
     0.29000000     0.10498563
     0.30000000    0.093532513
     0.31000000    0.083104079
     0.32000000    0.073638270
     0.33000000    0.065073029
     0.34000000    0.057346852
     0.35000000    0.050399283
     0.36000000    0.044171345
     0.37000000    0.038605913
     0.38000000    0.033648026
     0.39000000    0.029245138
     0.40000000    0.025347319
     0.41000000    0.021907393
     0.42000000    0.018881040
     0.43000000    0.016226843
     0.44000000    0.013906297
     0.45000000    0.011883789
     0.46000000    0.010126540
     0.47000000   0.0086045217
     0.48000000   0.0072903581
     0.49000000   0.0061592028
     0.50000000   0.0051886076
     0.51000000   0.0043583796
     0.52000000   0.0036504344
     0.53000000   0.0030486441
     0.54000000   0.0025386867
     0.55000000   0.0021078966
     0.56000000   0.0017451187
     0.57000000   0.0014405684
     0.58000000   0.0011856973
     0.59000000  0.00097306706
     0.60000000  0.00079623016
     0.61000000  0.00064962006
     0.62000000  0.00052844925
     0.63000000  0.00042861596
     0.64000000  0.00034661935
     0.65000000  0.00027948271
     0.66000000  0.00022468449
     0.67000000  0.00018009663
     0.68000000  0.00014392986
     0.69000000  0.00011468522
     0.70000000 9.1111621E-005
     0.71000000 7.2168625E-005
     0.72000000 5.6994115E-005
     0.73000000 4.4876314E-005
     0.74000000 3.5229672E-005
     0.75000000 2.7574204E-005
     0.76000000 2.1517860E-005
     0.77000000 1.6741551E-005
     0.78000000 1.2986483E-005
     0.79000000 1.0043511E-005
     0.80000000 7.7441967E-006
     0.81000000 5.9533686E-006
     0.82000000 4.5629242E-006
     0.83000000 3.4867112E-006
     0.84000000 2.6563079E-006
     0.85000000 2.0175607E-006
     0.86000000 1.5277559E-006
     0.87000000 1.1533174E-006
     0.88000000 8.6794027E-007
     0.89000000 6.5108398E-007
     0.90000000 4.8676019E-007
     0.91000000 3.6256090E-007
     0.92000000 2.6888215E-007
     0.93000000 1.9830541E-007
     0.94000000 1.4510586E-007
     0.95000000 1.0486166E-007
     0.96000000 7.4143226E-008
     0.97000000 5.0264841E-008
     0.98000000 3.1084182E-008
     0.99000000 1.4837490E-008
      1.0000000     0.00000000
