     0.00000000      1.0000000
    0.010000000     0.96468062
    0.020000000     0.92943042
    0.030000000     0.89431815
    0.040000000     0.85941179
    0.050000000     0.82477810
    0.060000000     0.79048223
    0.070000000     0.75658741
    0.080000000     0.72315457
    0.090000000     0.69024198
     0.10000000     0.65790502
     0.11000000     0.62619584
     0.12000000     0.59516315
     0.13000000     0.56485200
     0.14000000     0.53530360
     0.15000000     0.50655517
     0.16000000     0.47863984
     0.17000000     0.45158654
     0.18000000     0.42542002
     0.19000000     0.40016077
     0.20000000     0.37582509
     0.21000000     0.35242513
     0.22000000     0.32996897
     0.23000000     0.30846077
     0.24000000     0.28790085
     0.25000000     0.26828588
     0.26000000     0.24960910
     0.27000000     0.23186046
     0.28000000     0.21502687
     0.29000000     0.19909242
     0.30000000     0.18403863
     0.31000000     0.16984467
     0.32000000     0.15648766
     0.33000000     0.14394285
     0.34000000     0.13218394
     0.35000000     0.12118327
     0.36000000     0.11091212
     0.37000000     0.10134088
     0.38000000    0.092439325
     0.39000000    0.084176818
     0.40000000    0.076522500
     0.41000000    0.069445491
     0.42000000    0.062915064
     0.43000000    0.056900807
     0.44000000    0.051372770
     0.45000000    0.046301595
     0.46000000    0.041658637
     0.47000000    0.037416063
     0.48000000    0.033546937
     0.49000000    0.030025300
     0.50000000    0.026826219
     0.51000000    0.023925843
     0.52000000    0.021301432
     0.53000000    0.018931379
     0.54000000    0.016795223
     0.55000000    0.014873653
     0.56000000    0.013148497
     0.57000000    0.011602713
     0.58000000    0.010220363
     0.59000000   0.0089865884
     0.60000000   0.0078875774
     0.61000000   0.0069105270
     0.62000000   0.0060436042
     0.63000000   0.0052759024
     0.64000000   0.0045973971
     0.65000000   0.0039988993
     0.66000000   0.0034720085
     0.67000000   0.0030090659
     0.68000000   0.0026031065
     0.69000000   0.0022478135
     0.70000000   0.0019374721
     0.71000000   0.0016669257
     0.72000000   0.0014315331
     0.73000000   0.0012271270
     0.74000000   0.0010499756
     0.75000000  0.00089674489
     0.76000000  0.00076446342
     0.77000000  0.00065048957
     0.78000000  0.00055248040
     0.79000000  0.00046836281
     0.80000000  0.00039630680
     0.81000000  0.00033470065
     0.82000000  0.00028212814
     0.83000000  0.00023734756
     0.84000000  0.00019927254
     0.85000000  0.00016695462
     0.86000000  0.00013956728
     0.87000000  0.00011639159
     0.88000000 9.6803119E-005
     0.89000000 8.0260193E-005
     0.90000000 6.6293282E-005
     0.91000000 5.4495440E-005
     0.92000000 4.4513716E-005
     0.93000000 3.6041410E-005
     0.94000000 2.8811090E-005
     0.95000000 2.2588274E-005
     0.96000000 1.7165683E-005
     0.97000000 1.2357979E-005
     0.98000000 7.9969064E-006
     0.99000000 3.9267442E-006
      1.0000000     0.00000000
