     0.00000000      1.0000000
    0.010000000     0.85513214
    0.020000000     0.71500065
    0.030000000     0.58388242
    0.040000000     0.46520882
    0.050000000     0.36131043
    0.060000000     0.27332168
    0.070000000     0.20124262
    0.080000000     0.14412703
    0.090000000     0.10034825
     0.10000000    0.067889155
     0.11000000    0.044609718
     0.12000000    0.028459737
     0.13000000    0.017622091
     0.14000000    0.010587137
     0.15000000   0.0061698993
     0.16000000   0.0034870049
     0.17000000   0.0019107751
     0.18000000   0.0010150009
     0.19000000  0.00052257540
     0.20000000  0.00026072963
     0.21000000  0.00012604645
     0.22000000 5.9035780E-005
     0.23000000 2.6785223E-005
     0.24000000 1.1771339E-005
     0.25000000 5.0103320E-006
     0.26000000 2.0652858E-006
     0.27000000 8.2439062E-007
     0.28000000 3.1863555E-007
     0.29000000 1.1924367E-007
     0.30000000 4.3204630E-008
     0.31000000 1.5154971E-008
     0.32000000 5.1462123E-009
     0.33000000 1.6916387E-009
     0.34000000 5.3826477E-010
     0.35000000 1.6578106E-010
     0.36000000 4.9420468E-011
     0.37000000 1.4259371E-011
     0.38000000 3.9822590E-012
     0.39000000 1.0759171E-012
     0.40000000 2.8166358E-013
     0.41000000 7.1387340E-014
     0.42000000 1.7541524E-014
     0.43000000 3.9968029E-015
     0.44000000 3.3306691E-016
     0.45000000-2.2204460E-016
     0.46000000-3.3306691E-016
     0.47000000-1.1102230E-016
     0.48000000-1.1102230E-016
     0.49000000-2.2204460E-016
     0.50000000 1.6653345E-016
     0.51000000     0.00000000
     0.52000000-5.5511151E-017
     0.53000000 1.1102230E-016
     0.54000000-5.5511151E-017
     0.55000000     0.00000000
     0.56000000-2.2204460E-016
     0.57000000-5.5511151E-017
     0.58000000 1.1102230E-016
     0.59000000 1.1102230E-016
     0.60000000     0.00000000
     0.61000000     0.00000000
     0.62000000 2.7755576E-016
     0.63000000-1.1102230E-016
     0.64000000-1.1102230E-016
     0.65000000 1.6653345E-016
     0.66000000 1.6653345E-016
     0.67000000     0.00000000
     0.68000000 1.1102230E-016
     0.69000000-1.1102230E-016
     0.70000000     0.00000000
     0.71000000-2.2204460E-016
     0.72000000 1.1102230E-016
     0.73000000 1.1102230E-016
     0.74000000 1.1102230E-016
     0.75000000 1.1102230E-016
     0.76000000-1.1102230E-016
     0.77000000 8.3266727E-017
     0.78000000-2.4980018E-016
     0.79000000     0.00000000
     0.80000000 2.7755576E-017
     0.81000000-2.7755576E-017
     0.82000000-2.2204460E-016
     0.83000000 1.3877788E-016
     0.84000000-1.9428903E-016
     0.85000000 1.1102230E-016
     0.86000000     0.00000000
     0.87000000 8.3266727E-017
     0.88000000-2.4980018E-016
     0.89000000 1.3877788E-016
     0.90000000-4.1633363E-017
     0.91000000-1.8041124E-016
     0.92000000-1.3877788E-017
     0.93000000-1.5265567E-016
     0.94000000 1.1796120E-016
     0.95000000 6.2450045E-017
     0.96000000 8.3266727E-017
     0.97000000-2.2898350E-016
     0.98000000-5.2041704E-017
     0.99000000-2.5847380E-016
      1.0000000     0.00000000
