     0.00000000      1.0000000
    0.010000000     0.96281191
    0.020000000     0.92570457
    0.030000000     0.88875818
    0.040000000     0.85205192
    0.050000000     0.81566341
    0.060000000     0.77966821
    0.070000000     0.74413938
    0.080000000     0.70914701
    0.090000000     0.67475784
     0.10000000     0.64103484
     0.11000000     0.60803691
     0.12000000     0.57581856
     0.13000000     0.54442968
     0.14000000     0.51391529
     0.15000000     0.48431545
     0.16000000     0.45566509
     0.17000000     0.42799396
     0.18000000     0.40132661
     0.19000000     0.37568243
     0.20000000     0.35107570
     0.21000000     0.32751573
     0.22000000     0.30500695
     0.23000000     0.28354915
     0.24000000     0.26313768
     0.25000000     0.24376366
     0.26000000     0.22541431
     0.27000000     0.20807314
     0.28000000     0.19172036
     0.29000000     0.17633310
     0.30000000     0.16188580
     0.31000000     0.14835049
     0.32000000     0.13569713
     0.33000000     0.12389393
     0.34000000     0.11290769
     0.35000000     0.10270405
     0.36000000    0.093247842
     0.37000000    0.084503345
     0.38000000    0.076434549
     0.39000000    0.069005405
     0.40000000    0.062180056
     0.41000000    0.055923045
     0.42000000    0.050199500
     0.43000000    0.044975307
     0.44000000    0.040217251
     0.45000000    0.035893149
     0.46000000    0.031971956
     0.47000000    0.028423850
     0.48000000    0.025220303
     0.49000000    0.022334134
     0.50000000    0.019739548
     0.51000000    0.017412149
     0.52000000    0.015328956
     0.53000000    0.013468393
     0.54000000    0.011810277
     0.55000000    0.010335786
     0.56000000   0.0090274340
     0.57000000   0.0078690202
     0.58000000   0.0068455889
     0.59000000   0.0059433745
     0.60000000   0.0051497467
     0.61000000   0.0044531522
     0.62000000   0.0038430548
     0.63000000   0.0033098740
     0.64000000   0.0028449244
     0.65000000   0.0024403548
     0.66000000   0.0020890884
     0.67000000   0.0017847644
     0.68000000   0.0015216819
     0.69000000   0.0012947458
     0.70000000   0.0010994147
     0.71000000  0.00093165194
     0.72000000  0.00078787940
     0.73000000  0.00066493388
     0.74000000  0.00056002649
     0.75000000  0.00047070493
     0.76000000  0.00039481855
     0.77000000  0.00033048619
     0.78000000  0.00027606674
     0.79000000  0.00023013218
     0.80000000  0.00019144310
     0.81000000  0.00015892654
     0.82000000  0.00013165599
     0.83000000  0.00010883333
     0.84000000 8.9772749E-005
     0.85000000 7.3886339E-005
     0.86000000 6.0671251E-005
     0.87000000 4.9698326E-005
     0.88000000 4.0602019E-005
     0.89000000 3.3071506E-005
     0.90000000 2.6842847E-005
     0.91000000 2.1692100E-005
     0.92000000 1.7429260E-005
     0.93000000 1.3892937E-005
     0.94000000 1.0945681E-005
     0.95000000 8.4698443E-006
     0.96000000 6.3639289E-006
     0.97000000 4.5393133E-006
     0.98000000 2.9173061E-006
     0.99000000 1.4264481E-006
      1.0000000     0.00000000
