     0.00000000      1.0000000
    0.010000000     0.95470755
    0.020000000     0.90956094
    0.030000000     0.86470458
    0.040000000     0.82028010
    0.050000000     0.77642500
    0.060000000     0.73327139
    0.070000000     0.69094476
    0.080000000     0.64956292
    0.090000000     0.60923507
     0.10000000     0.57006088
     0.11000000     0.53212989
     0.12000000     0.49552088
     0.13000000     0.46030156
     0.14000000     0.42652825
     0.15000000     0.39424587
     0.16000000     0.36348795
     0.17000000     0.33427686
     0.18000000     0.30662412
     0.19000000     0.28053090
     0.20000000     0.25598851
     0.21000000     0.23297911
     0.22000000     0.21147639
     0.23000000     0.19144640
     0.24000000     0.17284835
     0.25000000     0.15563546
     0.26000000     0.13975587
     0.27000000     0.12515346
     0.28000000     0.11176875
     0.29000000    0.099539688
     0.30000000    0.088402480
     0.31000000    0.078292294
     0.32000000    0.069143974
     0.33000000    0.060892662
     0.34000000    0.053474367
     0.35000000    0.046826465
     0.36000000    0.040888133
     0.37000000    0.035600712
     0.38000000    0.030908014
     0.39000000    0.026756554
     0.40000000    0.023095733
     0.41000000    0.019877958
     0.42000000    0.017058719
     0.43000000    0.014596606
     0.44000000    0.012453304
     0.45000000    0.010593539
     0.46000000   0.0089849977
     0.47000000   0.0075982231
     0.48000000   0.0064064902
     0.49000000   0.0053856650
     0.50000000   0.0045140529
     0.51000000   0.0037722396
     0.52000000   0.0031429285
     0.53000000   0.0026107767
     0.54000000   0.0021622327
     0.55000000   0.0017853778
     0.56000000   0.0014697737
     0.57000000   0.0012063162
     0.58000000  0.00098709744
     0.59000000  0.00080527624
     0.60000000  0.00065495834
     0.61000000  0.00053108546
     0.62000000  0.00042933385
     0.63000000  0.00034602220
     0.64000000  0.00027802836
     0.65000000  0.00022271465
     0.66000000  0.00017786123
     0.67000000  0.00014160708
     0.68000000  0.00011239790
     0.69000000 8.8940483E-005
     0.70000000 7.0162857E-005
     0.71000000 5.5179797E-005
     0.72000000 4.3262994E-005
     0.73000000 3.3815459E-005
     0.74000000 2.6349655E-005
     0.75000000 2.0468885E-005
     0.76000000 1.5851553E-005
     0.77000000 1.2237890E-005
     0.78000000 9.4188351E-006
     0.79000000 7.2267421E-006
     0.80000000 5.5276614E-006
     0.81000000 4.2149513E-006
     0.82000000 3.2040152E-006
     0.83000000 2.4279839E-006
     0.84000000 1.8341889E-006
     0.85000000 1.3812937E-006
     0.86000000 1.0369700E-006
     0.87000000 7.7602340E-007
     0.88000000 5.7888703E-007
     0.89000000 4.3041651E-007
     0.90000000 3.1892923E-007
     0.91000000 2.3544136E-007
     0.92000000 1.7306399E-007
     0.93000000 1.2652671E-007
     0.94000000 9.1802594E-008
     0.95000000 6.5813293E-008
     0.96000000 4.6197022E-008
     0.97000000 3.1125190E-008
     0.98000000 1.9156103E-008
     0.99000000 9.1160960E-009
      1.0000000     0.00000000
