     0.00000000      1.0000000
    0.010000000     0.96716089
    0.020000000     0.93437738
    0.030000000     0.90170480
    0.040000000     0.86919791
    0.050000000     0.83691063
    0.060000000     0.80489577
    0.070000000     0.77320479
    0.080000000     0.74188754
    0.090000000     0.71099200
     0.10000000     0.68056410
     0.11000000     0.65064752
     0.12000000     0.62128345
     0.13000000     0.59251051
     0.14000000     0.56436452
     0.15000000     0.53687846
     0.16000000     0.51008228
     0.17000000     0.48400292
     0.18000000     0.45866417
     0.19000000     0.43408669
     0.20000000     0.41028797
     0.21000000     0.38728236
     0.22000000     0.36508107
     0.23000000     0.34369228
     0.24000000     0.32312113
     0.25000000     0.30336986
     0.26000000     0.28443792
     0.27000000     0.26632204
     0.28000000     0.24901640
     0.29000000     0.23251274
     0.30000000     0.21680056
     0.31000000     0.20186723
     0.32000000     0.18769816
     0.33000000     0.17427702
     0.34000000     0.16158584
     0.35000000     0.14960525
     0.36000000     0.13831461
     0.37000000     0.12769220
     0.38000000     0.11771539
     0.39000000     0.10836082
     0.40000000    0.099604520
     0.41000000    0.091422116
     0.42000000    0.083788938
     0.43000000    0.076680178
     0.44000000    0.070071016
     0.45000000    0.063936746
     0.46000000    0.058252885
     0.47000000    0.052995280
     0.48000000    0.048140199
     0.49000000    0.043664416
     0.50000000    0.039545285
     0.51000000    0.035760805
     0.52000000    0.032289675
     0.53000000    0.029111342
     0.54000000    0.026206035
     0.55000000    0.023554797
     0.56000000    0.021139506
     0.57000000    0.018942890
     0.58000000    0.016948534
     0.59000000    0.015140878
     0.60000000    0.013505221
     0.61000000    0.012027701
     0.62000000    0.010695290
     0.63000000   0.0094957700
     0.64000000   0.0084177157
     0.65000000   0.0074504671
     0.66000000   0.0065841041
     0.67000000   0.0058094173
     0.68000000   0.0051178778
     0.69000000   0.0045016055
     0.70000000   0.0039533368
     0.71000000   0.0034663917
     0.72000000   0.0030346413
     0.73000000   0.0026524747
     0.74000000   0.0023147667
     0.75000000   0.0020168463
     0.76000000   0.0017544656
     0.77000000   0.0015237695
     0.78000000   0.0013212672
     0.79000000   0.0011438040
     0.80000000  0.00098853497
     0.81000000  0.00085289929
     0.82000000  0.00073459658
     0.83000000  0.00063156406
     0.84000000  0.00054195519
     0.85000000  0.00046411966
     0.86000000  0.00039658458
     0.87000000  0.00033803698
     0.88000000  0.00028730746
     0.89000000  0.00024335499
     0.90000000  0.00020525275
     0.91000000  0.00017217504
     0.92000000  0.00014338506
     0.93000000  0.00011822355
     0.94000000 9.6098204E-005
     0.95000000 7.6473820E-005
     0.96000000 5.8862973E-005
     0.97000000 4.2817271E-005
     0.98000000 2.7919022E-005
     0.99000000 1.3773255E-005
      1.0000000     0.00000000
