     0.00000000      1.0000000
    0.010000000     0.96061130
    0.020000000     0.92131854
    0.030000000     0.88221694
    0.040000000     0.84340035
    0.050000000     0.80496054
    0.060000000     0.76698657
    0.070000000     0.72956416
    0.080000000     0.69277511
    0.090000000     0.65669680
     0.10000000     0.62140167
     0.11000000     0.58695681
     0.12000000     0.55342360
     0.13000000     0.52085745
     0.14000000     0.48930747
     0.15000000     0.45881641
     0.16000000     0.42942051
     0.17000000     0.40114944
     0.18000000     0.37402638
     0.19000000     0.34806811
     0.20000000     0.32328510
     0.21000000     0.29968176
     0.22000000     0.27725671
     0.23000000     0.25600301
     0.24000000     0.23590853
     0.25000000     0.21695633
     0.26000000     0.19912499
     0.27000000     0.18238911
     0.28000000     0.16671962
     0.29000000     0.15208433
     0.30000000     0.13844825
     0.31000000     0.12577412
     0.32000000     0.11402276
     0.33000000     0.10315353
     0.34000000    0.093124701
     0.35000000    0.083893822
     0.36000000    0.075418100
     0.37000000    0.067654712
     0.38000000    0.060561111
     0.39000000    0.054095295
     0.40000000    0.048216061
     0.41000000    0.042883214
     0.42000000    0.038057755
     0.43000000    0.033702046
     0.44000000    0.029779932
     0.45000000    0.026256853
     0.46000000    0.023099918
     0.47000000    0.020277965
     0.48000000    0.017761592
     0.49000000    0.015523174
     0.50000000    0.013536859
     0.51000000    0.011778546
     0.52000000    0.010225855
     0.53000000   0.0088580789
     0.54000000   0.0076561301
     0.55000000   0.0066024765
     0.56000000   0.0056810713
     0.57000000   0.0048772779
     0.58000000   0.0041777917
     0.59000000   0.0035705594
     0.60000000   0.0030446977
     0.61000000   0.0025904119
     0.62000000   0.0021989155
     0.63000000   0.0018623518
     0.64000000   0.0015737176
     0.65000000   0.0013267902
     0.66000000   0.0011160576
     0.67000000  0.00093665237
     0.68000000  0.00078428939
     0.69000000  0.00065520765
     0.70000000  0.00054611610
     0.71000000  0.00045414351
     0.72000000  0.00037679236
     0.73000000  0.00031189662
     0.74000000  0.00025758326
     0.75000000  0.00021223732
     0.76000000  0.00017447040
     0.77000000  0.00014309233
     0.78000000  0.00011708576
     0.79000000 9.5583569E-005
     0.80000000 7.7848775E-005
     0.81000000 6.3256755E-005
     0.82000000 5.1279607E-005
     0.83000000 4.1472405E-005
     0.84000000 3.3461190E-005
     0.85000000 2.6932494E-005
     0.86000000 2.1624258E-005
     0.87000000 1.7317959E-005
     0.88000000 1.3831822E-005
     0.89000000 1.1014985E-005
     0.90000000 8.7424890E-006
     0.91000000 6.9109897E-006
     0.92000000 5.4350961E-006
     0.93000000 4.2442429E-006
     0.94000000 3.2800210E-006
     0.95000000 2.4938927E-006
     0.96000000 1.8452297E-006
     0.97000000 1.2996160E-006
     0.98000000 8.2736170E-007
     0.99000000 4.0218277E-007
      1.0000000     0.00000000
