     0.00000000      1.0000000
    0.010000000     0.96432941
    0.020000000     0.92873007
    0.030000000     0.89327283
    0.040000000     0.85802766
    0.050000000     0.82306327
    0.060000000     0.78844673
    0.070000000     0.75424304
    0.080000000     0.72051479
    0.090000000     0.68732180
     0.10000000     0.65472085
     0.11000000     0.62276533
     0.12000000     0.59150504
     0.13000000     0.56098594
     0.14000000     0.53124999
     0.15000000     0.50233495
     0.16000000     0.47427435
     0.17000000     0.44709733
     0.18000000     0.42082864
     0.19000000     0.39548866
     0.20000000     0.37109337
     0.21000000     0.34765448
     0.22000000     0.32517948
     0.23000000     0.30367178
     0.24000000     0.28313087
     0.25000000     0.26355248
     0.26000000     0.24492878
     0.27000000     0.22724861
     0.28000000     0.21049770
     0.29000000     0.19465891
     0.30000000     0.17971249
     0.31000000     0.16563635
     0.32000000     0.15240628
     0.33000000     0.13999628
     0.34000000     0.12837877
     0.35000000     0.11752487
     0.36000000     0.10740464
     0.37000000    0.097987335
     0.38000000    0.089241646
     0.39000000    0.081135897
     0.40000000    0.073638270
     0.41000000    0.066716996
     0.42000000    0.060340533
     0.43000000    0.054477731
     0.44000000    0.049097982
     0.45000000    0.044171345
     0.46000000    0.039668670
     0.47000000    0.035561695
     0.48000000    0.031823127
     0.49000000    0.028426719
     0.50000000    0.025347319
     0.51000000    0.022560916
     0.52000000    0.020044669
     0.53000000    0.017776924
     0.54000000    0.015737222
     0.55000000    0.013906297
     0.56000000    0.012266061
     0.57000000    0.010799591
     0.58000000   0.0094910958
     0.59000000   0.0083258910
     0.60000000   0.0072903577
     0.61000000   0.0063719036
     0.62000000   0.0055589190
     0.63000000   0.0048407297
     0.64000000   0.0042075501
     0.65000000   0.0036504328
     0.66000000   0.0031612200
     0.67000000   0.0027324930
     0.68000000   0.0023575240
     0.69000000   0.0020302273
     0.70000000   0.0017451126
     0.71000000   0.0014972393
     0.72000000   0.0012821734
     0.73000000   0.0010959449
     0.74000000  0.00093500884
     0.75000000  0.00079620747
     0.76000000  0.00067673486
     0.77000000  0.00057410388
     0.78000000  0.00048611538
     0.79000000  0.00041082947
     0.80000000  0.00034653910
     0.81000000  0.00029174559
     0.82000000  0.00024513628
     0.83000000  0.00020556402
     0.84000000  0.00017202852
     0.85000000  0.00014365941
     0.86000000  0.00011970085
     0.87000000 9.9497689E-005
     0.88000000 8.2482977E-005
     0.89000000 6.8166715E-005
     0.90000000 5.6125793E-005
     0.91000000 4.5994951E-005
     0.92000000 3.7458687E-005
     0.93000000 3.0244003E-005
     0.94000000 2.4113891E-005
     0.95000000 1.8861468E-005
     0.96000000 1.4304664E-005
     0.97000000 1.0281387E-005
     0.98000000 6.6450669E-006
     0.99000000 3.2605147E-006
      1.0000000     0.00000000
