     0.00000000      1.0000000
    0.010000000     0.96153750
    0.020000000     0.92316432
    0.030000000     0.88496918
    0.040000000     0.84703953
    0.050000000     0.80946102
    0.060000000     0.77231685
    0.070000000     0.73568727
    0.080000000     0.69964905
    0.090000000     0.66427498
     0.10000000     0.62963346
     0.11000000     0.59578811
     0.12000000     0.56279743
     0.13000000     0.53071452
     0.14000000     0.49958685
     0.15000000     0.46945614
     0.16000000     0.44035818
     0.17000000     0.41232283
     0.18000000     0.38537403
     0.19000000     0.35952983
     0.20000000     0.33480250
     0.21000000     0.31119874
     0.22000000     0.28871980
     0.23000000     0.26736182
     0.24000000     0.24711601
     0.25000000     0.22796904
     0.26000000     0.20990332
     0.27000000     0.19289737
     0.28000000     0.17692622
     0.29000000     0.16196172
     0.30000000     0.14797299
     0.31000000     0.13492677
     0.32000000     0.12278783
     0.33000000     0.11151929
     0.34000000     0.10108304
     0.35000000    0.091440050
     0.36000000    0.082550723
     0.37000000    0.074375183
     0.38000000    0.066873579
     0.39000000    0.060006342
     0.40000000    0.053734427
     0.41000000    0.048019528
     0.42000000    0.042824271
     0.43000000    0.038112373
     0.44000000    0.033848789
     0.45000000    0.029999824
     0.46000000    0.026533227
     0.47000000    0.023418264
     0.48000000    0.020625766
     0.49000000    0.018128167
     0.50000000    0.015899511
     0.51000000    0.013915458
     0.52000000    0.012153263
     0.53000000    0.010591752
     0.54000000   0.0092112855
     0.55000000   0.0079937064
     0.56000000   0.0069222891
     0.57000000   0.0059816774
     0.58000000   0.0051578197
     0.59000000   0.0044378996
     0.60000000   0.0038102654
     0.61000000   0.0032643578
     0.62000000   0.0027906377
     0.63000000   0.0023805141
     0.64000000   0.0020262738
     0.65000000   0.0017210128
     0.66000000   0.0014585699
     0.67000000   0.0012334631
     0.68000000   0.0010408293
     0.69000000  0.00087636677
     0.70000000  0.00073628185
     0.71000000  0.00061723822
     0.72000000  0.00051631032
     0.73000000  0.00043094005
     0.74000000  0.00035889691
     0.75000000  0.00029824155
     0.76000000  0.00024729243
     0.77000000  0.00020459562
     0.78000000  0.00016889744
     0.79000000  0.00013911985
     0.80000000  0.00011433833
     0.81000000 9.3762231E-005
     0.82000000 7.6717127E-005
     0.83000000 6.2629303E-005
     0.84000000 5.1011973E-005
     0.85000000 4.1453172E-005
     0.86000000 3.3605129E-005
     0.87000000 2.7174965E-005
     0.88000000 2.1916587E-005
     0.89000000 1.7623639E-005
     0.90000000 1.4123379E-005
     0.91000000 1.1271388E-005
     0.92000000 8.9469895E-006
     0.93000000 7.0492902E-006
     0.94000000 5.4937614E-006
     0.95000000 4.2092723E-006
     0.96000000 3.1355090E-006
     0.97000000 2.2207108E-006
     0.98000000 1.4196634E-006
     0.99000000 6.9189171E-007
      1.0000000     0.00000000
