     0.00000000      1.0000000
    0.010000000     0.96918270
    0.020000000     0.93841135
    0.030000000     0.90773171
    0.040000000     0.87718911
    0.050000000     0.84682830
    0.060000000     0.81669318
    0.070000000     0.78682670
    0.080000000     0.75727059
    0.090000000     0.72806525
     0.10000000     0.69924954
     0.11000000     0.67086068
     0.12000000     0.64293404
     0.13000000     0.61550306
     0.14000000     0.58859913
     0.15000000     0.56225147
     0.16000000     0.53648706
     0.17000000     0.51133055
     0.18000000     0.48680424
     0.19000000     0.46292799
     0.20000000     0.43971924
     0.21000000     0.41719296
     0.22000000     0.39536170
     0.23000000     0.37423555
     0.24000000     0.35382224
     0.25000000     0.33412712
     0.26000000     0.31515327
     0.27000000     0.29690152
     0.28000000     0.27937057
     0.29000000     0.26255708
     0.30000000     0.24645573
     0.31000000     0.23105934
     0.32000000     0.21635902
     0.33000000     0.20234421
     0.34000000     0.18900287
     0.35000000     0.17632159
     0.36000000     0.16428568
     0.37000000     0.15287933
     0.38000000     0.14208573
     0.39000000     0.13188720
     0.40000000     0.12226530
     0.41000000     0.11320096
     0.42000000     0.10467461
     0.43000000    0.096666272
     0.44000000    0.089155699
     0.45000000    0.082122454
     0.46000000    0.075546021
     0.47000000    0.069405901
     0.48000000    0.063681696
     0.49000000    0.058353189
     0.50000000    0.053400425
     0.51000000    0.048803773
     0.52000000    0.044543989
     0.53000000    0.040602272
     0.54000000    0.036960312
     0.55000000    0.033600331
     0.56000000    0.030505119
     0.57000000    0.027658063
     0.58000000    0.025043173
     0.59000000    0.022645097
     0.60000000    0.020449136
     0.61000000    0.018441255
     0.62000000    0.016608080
     0.63000000    0.014936904
     0.64000000    0.013415682
     0.65000000    0.012033021
     0.66000000    0.010778172
     0.67000000   0.0096410138
     0.68000000   0.0086120416
     0.69000000   0.0076823461
     0.70000000   0.0068435954
     0.71000000   0.0060880139
     0.72000000   0.0054083606
     0.73000000   0.0047979061
     0.74000000   0.0042504092
     0.75000000   0.0037600930
     0.76000000   0.0033216209
     0.77000000   0.0029300724
     0.78000000   0.0025809193
     0.79000000   0.0022700016
     0.80000000   0.0019935048
     0.81000000   0.0017479366
     0.82000000   0.0015301049
     0.83000000   0.0013370964
     0.84000000   0.0011662557
     0.85000000   0.0010151651
     0.86000000  0.00088162581
     0.87000000  0.00076363893
     0.88000000  0.00065938827
     0.89000000  0.00056722328
     0.90000000  0.00048564300
     0.91000000  0.00041328076
     0.92000000  0.00034888950
     0.93000000  0.00029132781
     0.94000000  0.00023954661
     0.95000000  0.00019257630
     0.96000000  0.00014951445
     0.97000000  0.00010951399
     0.98000000 7.1771614E-005
     0.99000000 3.5516647E-005
      1.0000000     0.00000000
