     0.00000000      1.0000000
    0.010000000     0.97295436
    0.020000000     0.94593979
    0.030000000     0.91898724
    0.040000000     0.89212746
    0.050000000     0.86539089
    0.060000000     0.83880751
    0.070000000     0.81240682
    0.080000000     0.78621768
    0.090000000     0.76026823
     0.10000000     0.73458581
     0.11000000     0.70919688
     0.12000000     0.68412690
     0.13000000     0.65940031
     0.14000000     0.63504042
     0.15000000     0.61106935
     0.16000000     0.58750799
     0.17000000     0.56437594
     0.18000000     0.54169147
     0.19000000     0.51947147
     0.20000000     0.49773143
     0.21000000     0.47648541
     0.22000000     0.45574604
     0.23000000     0.43552448
     0.24000000     0.41583047
     0.25000000     0.39667226
     0.26000000     0.37805669
     0.27000000     0.35998916
     0.28000000     0.34247369
     0.29000000     0.32551291
     0.30000000     0.30910811
     0.31000000     0.29325930
     0.32000000     0.27796522
     0.33000000     0.26322342
     0.34000000     0.24903026
     0.35000000     0.23538102
     0.36000000     0.22226994
     0.37000000     0.20969027
     0.38000000     0.19763433
     0.39000000     0.18609358
     0.40000000     0.17505870
     0.41000000     0.16451964
     0.42000000     0.15446568
     0.43000000     0.14488550
     0.44000000     0.13576727
     0.45000000     0.12709868
     0.46000000     0.11886701
     0.47000000     0.11105923
     0.48000000     0.10366202
     0.49000000    0.096661820
     0.50000000    0.090044941
     0.51000000    0.083797573
     0.52000000    0.077905851
     0.53000000    0.072355909
     0.54000000    0.067133919
     0.55000000    0.062226141
     0.56000000    0.057618958
     0.57000000    0.053298921
     0.58000000    0.049252774
     0.59000000    0.045467496
     0.60000000    0.041930321
     0.61000000    0.038628768
     0.62000000    0.035550663
     0.63000000    0.032684158
     0.64000000    0.030017746
     0.65000000    0.027540281
     0.66000000    0.025240982
     0.67000000    0.023109447
     0.68000000    0.021135658
     0.69000000    0.019309985
     0.70000000    0.017623188
     0.71000000    0.016066420
     0.72000000    0.014631221
     0.73000000    0.013309517
     0.74000000    0.012093616
     0.75000000    0.010976200
     0.76000000   0.0099503170
     0.77000000   0.0090093734
     0.78000000   0.0081471235
     0.79000000   0.0073576586
     0.80000000   0.0066353951
     0.81000000   0.0059750627
     0.82000000   0.0053716906
     0.83000000   0.0048205945
     0.84000000   0.0043173622
     0.85000000   0.0038578395
     0.86000000   0.0034381155
     0.87000000   0.0030545075
     0.88000000   0.0027035461
     0.89000000   0.0023819601
     0.90000000   0.0020866610
     0.91000000   0.0018147278
     0.92000000   0.0015633915
     0.93000000   0.0013300202
     0.94000000   0.0011121031
     0.95000000  0.00090723576
     0.96000000  0.00071310464
     0.97000000  0.00052747179
     0.98000000  0.00034815977
     0.99000000  0.00017303648
      1.0000000     0.00000000
