     0.00000000      1.0000000
    0.010000000     0.90486113
    0.020000000     0.81107013
    0.030000000     0.71991785
    0.040000000     0.63258512
    0.050000000     0.55009732
    0.060000000     0.47328947
    0.070000000     0.40278369
    0.080000000     0.33897984
    0.090000000     0.28205888
     0.10000000     0.23199772
     0.11000000     0.18859344
     0.12000000     0.15149399
     0.13000000     0.12023280
     0.14000000    0.094264307
     0.15000000    0.072998045
     0.16000000    0.055829295
     0.17000000    0.042164931
     0.18000000    0.031443735
     0.19000000    0.023150952
     0.20000000    0.016827409
     0.21000000    0.012073797
     0.22000000   0.0085509792
     0.23000000   0.0059772681
     0.24000000   0.0041235976
     0.25000000   0.0028074385
     0.26000000   0.0018861675
     0.27000000   0.0012504421
     0.28000000  0.00081797332
     0.29000000  0.00052794317
     0.30000000  0.00033619350
     0.31000000  0.00021121676
     0.32000000  0.00013091466
     0.33000000 8.0048641E-005
     0.34000000 4.8284903E-005
     0.35000000 2.8730768E-005
     0.36000000 1.6863557E-005
     0.37000000 9.7635003E-006
     0.38000000 5.5757762E-006
     0.39000000 3.1407851E-006
     0.40000000 1.7449963E-006
     0.41000000 9.5623573E-007
     0.42000000 5.1682198E-007
     0.43000000 2.7549538E-007
     0.44000000 1.4483626E-007
     0.45000000 7.5096994E-008
     0.46000000 3.8401056E-008
     0.47000000 1.9365672E-008
     0.48000000 9.6312917E-009
     0.49000000 4.7238173E-009
     0.50000000 2.2848239E-009
     0.51000000 1.0898281E-009
     0.52000000 5.1262977E-010
     0.53000000 2.3778557E-010
     0.54000000 1.0876733E-010
     0.55000000 4.9061089E-011
     0.56000000 2.1822211E-011
     0.57000000 9.5713992E-012
     0.58000000 4.1399106E-012
     0.59000000 1.7654767E-012
     0.60000000 7.4240614E-013
     0.61000000 3.0803138E-013
     0.62000000 1.2612134E-013
     0.63000000 5.0570659E-014
     0.64000000 2.0095037E-014
     0.65000000 7.8825835E-015
     0.66000000 3.2751579E-015
     0.67000000 9.9920072E-016
     0.68000000 8.3266727E-016
     0.69000000 1.6653345E-016
     0.70000000-1.6653345E-016
     0.71000000-1.6653345E-016
     0.72000000 1.1102230E-016
     0.73000000-1.1102230E-016
     0.74000000 3.3306691E-016
     0.75000000     0.00000000
     0.76000000-2.2204460E-016
     0.77000000-5.5511151E-017
     0.78000000-1.6653345E-016
     0.79000000 5.5511151E-017
     0.80000000-8.3266727E-017
     0.81000000     0.00000000
     0.82000000-5.5511151E-017
     0.83000000 1.3877788E-016
     0.84000000-5.5511151E-017
     0.85000000 2.7755576E-017
     0.86000000-5.5511151E-017
     0.87000000     0.00000000
     0.88000000-1.5265567E-016
     0.89000000 2.7755576E-017
     0.90000000-5.5511151E-017
     0.91000000-1.5265567E-016
     0.92000000-2.7755576E-017
     0.93000000-6.9388939E-017
     0.94000000 8.3266727E-017
     0.95000000 2.0816682E-017
     0.96000000 6.2450045E-017
     0.97000000-1.2143064E-016
     0.98000000-6.2450045E-017
     0.99000000-9.8879238E-017
      1.0000000     0.00000000
