     0.00000000      1.0000000
    0.010000000     0.97477288
    0.020000000     0.94957097
    0.030000000     0.92441941
    0.040000000     0.89934319
    0.050000000     0.87436706
    0.060000000     0.84951549
    0.070000000     0.82481257
    0.080000000     0.80028196
    0.090000000     0.77594679
     0.10000000     0.75182963
     0.11000000     0.72795243
     0.12000000     0.70433641
     0.13000000     0.68100207
     0.14000000     0.65796909
     0.15000000     0.63525629
     0.16000000     0.61288162
     0.17000000     0.59086206
     0.18000000     0.56921364
     0.19000000     0.54795137
     0.20000000     0.52708924
     0.21000000     0.50664018
     0.22000000     0.48661603
     0.23000000     0.46702756
     0.24000000     0.44788445
     0.25000000     0.42919527
     0.26000000     0.41096748
     0.27000000     0.39320747
     0.28000000     0.37592053
     0.29000000     0.35911086
     0.30000000     0.34278163
     0.31000000     0.32693497
     0.32000000     0.31157197
     0.33000000     0.29669275
     0.34000000     0.28229650
     0.35000000     0.26838145
     0.36000000     0.25494495
     0.37000000     0.24198352
     0.38000000     0.22949285
     0.39000000     0.21746787
     0.40000000     0.20590279
     0.41000000     0.19479113
     0.42000000     0.18412579
     0.43000000     0.17389906
     0.44000000     0.16410270
     0.45000000     0.15472797
     0.46000000     0.14576570
     0.47000000     0.13720628
     0.48000000     0.12903977
     0.49000000     0.12125592
     0.50000000     0.11384420
     0.51000000     0.10679385
     0.52000000     0.10009396
     0.53000000    0.093733447
     0.54000000    0.087701135
     0.55000000    0.081985788
     0.56000000    0.076576137
     0.57000000    0.071460923
     0.58000000    0.066628921
     0.59000000    0.062068974
     0.60000000    0.057770024
     0.61000000    0.053721133
     0.62000000    0.049911510
     0.63000000    0.046330533
     0.64000000    0.042967769
     0.65000000    0.039812991
     0.66000000    0.036856195
     0.67000000    0.034087614
     0.68000000    0.031497732
     0.69000000    0.029077288
     0.70000000    0.026817294
     0.71000000    0.024709032
     0.72000000    0.022744067
     0.73000000    0.020914245
     0.74000000    0.019211696
     0.75000000    0.017628839
     0.76000000    0.016158373
     0.77000000    0.014793282
     0.78000000    0.013526827
     0.79000000    0.012352543
     0.80000000    0.011264234
     0.81000000    0.010255964
     0.82000000   0.0093220525
     0.83000000   0.0084570630
     0.84000000   0.0076557958
     0.85000000   0.0069132775
     0.86000000   0.0062247503
     0.87000000   0.0055856609
     0.88000000   0.0049916490
     0.89000000   0.0044385350
     0.90000000   0.0039223076
     0.91000000   0.0034391111
     0.92000000   0.0029852316
     0.93000000   0.0025570843
     0.94000000   0.0021511989
     0.95000000   0.0017642065
     0.96000000   0.0013928248
     0.97000000   0.0010338442
     0.98000000  0.00068411340
     0.99000000  0.00034052481
      1.0000000     0.00000000
