     0.00000000      1.0000000
    0.010000000     0.75182963
    0.020000000     0.52708926
    0.030000000     0.34278171
    0.040000000     0.20590321
    0.050000000     0.11384630
    0.060000000    0.057779571
    0.070000000    0.026856696
    0.080000000    0.011412036
    0.090000000   0.0044265259
     0.10000000   0.0015654023
     0.11000000  0.00050421823
     0.12000000  0.00014780231
     0.13000000 3.9401583E-005
     0.14000000 9.5469198E-006
     0.15000000 2.1014360E-006
     0.16000000 4.2003940E-007
     0.17000000 7.6212913E-008
     0.18000000 1.2548647E-008
     0.19000000 1.8744690E-009
     0.20000000 2.5396307E-010
     0.21000000 3.1202152E-011
     0.22000000 3.4759973E-012
     0.23000000 3.5116354E-013
     0.24000000 3.1974423E-014
     0.25000000 2.8865799E-015
     0.26000000-1.1102230E-016
     0.27000000-3.3306691E-016
     0.28000000 1.1102230E-016
     0.29000000-3.3306691E-016
     0.30000000-3.3306691E-016
     0.31000000 2.2204460E-016
     0.32000000-3.3306691E-016
     0.33000000-1.1102230E-016
     0.34000000-5.5511151E-016
     0.35000000-2.2204460E-016
     0.36000000-3.3306691E-016
     0.37000000     0.00000000
     0.38000000 2.2204460E-016
     0.39000000     0.00000000
     0.40000000-3.3306691E-016
     0.41000000-2.2204460E-016
     0.42000000-1.1102230E-015
     0.43000000-2.2204460E-016
     0.44000000-1.1102230E-016
     0.45000000 3.3306691E-016
     0.46000000-3.3306691E-016
     0.47000000 3.3306691E-016
     0.48000000-4.4408921E-016
     0.49000000-3.3306691E-016
     0.50000000 3.8857806E-016
     0.51000000 2.7755576E-016
     0.52000000 2.2204460E-016
     0.53000000 1.1102230E-016
     0.54000000 1.6653345E-016
     0.55000000 5.5511151E-017
     0.56000000-2.2204460E-016
     0.57000000-5.5511151E-017
     0.58000000-1.1102230E-016
     0.59000000-1.1102230E-016
     0.60000000-3.3306691E-016
     0.61000000     0.00000000
     0.62000000-5.5511151E-017
     0.63000000-3.8857806E-016
     0.64000000-1.1102230E-016
     0.65000000 5.5511151E-017
     0.66000000 1.1102230E-016
     0.67000000-4.4408921E-016
     0.68000000 5.5511151E-017
     0.69000000 1.1102230E-016
     0.70000000-1.6653345E-016
     0.71000000-2.7755576E-016
     0.72000000 1.6653345E-016
     0.73000000-2.7755576E-016
     0.74000000 2.2204460E-016
     0.75000000 5.5511151E-017
     0.76000000-8.3266727E-017
     0.77000000     0.00000000
     0.78000000-3.8857806E-016
     0.79000000-2.4980018E-016
     0.80000000-8.3266727E-017
     0.81000000-2.2204460E-016
     0.82000000-3.8857806E-016
     0.83000000 1.9428903E-016
     0.84000000     0.00000000
     0.85000000 2.7755576E-017
     0.86000000 2.7755576E-017
     0.87000000-2.7755576E-017
     0.88000000-3.7470027E-016
     0.89000000 4.1633363E-017
     0.90000000-1.3877788E-016
     0.91000000-1.1102230E-016
     0.92000000 4.1633363E-017
     0.93000000-2.2204460E-016
     0.94000000 1.8041124E-016
     0.95000000 4.8572257E-017
     0.96000000-2.7755576E-017
     0.97000000-3.2612801E-016
     0.98000000 5.2041704E-017
     0.99000000-4.9960036E-016
      1.0000000     0.00000000
