     0.00000000      1.0000000
    0.010000000     0.97340877
    0.020000000     0.94684707
    0.030000000     0.92034433
    0.040000000     0.89392977
    0.050000000     0.86763233
    0.060000000     0.84148058
    0.070000000     0.81550258
    0.080000000     0.78972582
    0.090000000     0.76417716
     0.10000000     0.73888268
     0.11000000     0.71386767
     0.12000000     0.68915652
     0.13000000     0.66477262
     0.14000000     0.64073838
     0.15000000     0.61707508
     0.16000000     0.59380286
     0.17000000     0.57094067
     0.18000000     0.54850623
     0.19000000     0.52651599
     0.20000000     0.50498507
     0.21000000     0.48392730
     0.22000000     0.46335515
     0.23000000     0.44327972
     0.24000000     0.42371079
     0.25000000     0.40465676
     0.26000000     0.38612467
     0.27000000     0.36812024
     0.28000000     0.35064788
     0.29000000     0.33371068
     0.30000000     0.31731049
     0.31000000     0.30144792
     0.32000000     0.28612236
     0.33000000     0.27133210
     0.34000000     0.25707427
     0.35000000     0.24334497
     0.36000000     0.23013929
     0.37000000     0.21745137
     0.38000000     0.20527444
     0.39000000     0.19360089
     0.40000000     0.18242234
     0.41000000     0.17172969
     0.42000000     0.16151318
     0.43000000     0.15176243
     0.44000000     0.14246656
     0.45000000     0.13361416
     0.46000000     0.12519346
     0.47000000     0.11719229
     0.48000000     0.10959818
     0.49000000     0.10239843
     0.50000000    0.095580131
     0.51000000    0.089130244
     0.52000000    0.083035631
     0.53000000    0.077283111
     0.54000000    0.071859503
     0.55000000    0.066751673
     0.56000000    0.061946565
     0.57000000    0.057431247
     0.58000000    0.053192939
     0.59000000    0.049219051
     0.60000000    0.045497203
     0.61000000    0.042015259
     0.62000000    0.038761349
     0.63000000    0.035723886
     0.64000000    0.032891586
     0.65000000    0.030253485
     0.66000000    0.027798950
     0.67000000    0.025517692
     0.68000000    0.023399771
     0.69000000    0.021435604
     0.70000000    0.019615970
     0.71000000    0.017932011
     0.72000000    0.016375230
     0.73000000    0.014937496
     0.74000000    0.013611033
     0.75000000    0.012388422
     0.76000000    0.011262592
     0.77000000    0.010226812
     0.78000000   0.0092746857
     0.79000000   0.0084001410
     0.80000000   0.0075974187
     0.81000000   0.0068610628
     0.82000000   0.0061859086
     0.83000000   0.0055670701
     0.84000000   0.0049999276
     0.85000000   0.0044801138
     0.86000000   0.0040035006
     0.87000000   0.0035661849
     0.88000000   0.0031644742
     0.89000000   0.0027948720
     0.90000000   0.0024540633
     0.91000000   0.0021388995
     0.92000000   0.0018463838
     0.93000000   0.0015736555
     0.94000000   0.0013179757
     0.95000000   0.0010767114
     0.96000000  0.00084732094
     0.97000000  0.00062733844
     0.98000000  0.00041435877
     0.99000000  0.00020602237
      1.0000000     0.00000000
