     0.00000000      1.0000000
    0.010000000     0.95395969
    0.020000000     0.90807256
    0.030000000     0.86249023
    0.040000000     0.81736133
    0.050000000     0.77282999
    0.060000000     0.72903449
    0.070000000     0.68610596
    0.080000000     0.64416722
    0.090000000     0.60333177
     0.10000000     0.56370286
     0.11000000     0.52537279
     0.12000000     0.48842232
     0.13000000     0.45292030
     0.14000000     0.41892344
     0.15000000     0.38647623
     0.16000000     0.35561106
     0.17000000     0.32634847
     0.18000000     0.29869756
     0.19000000     0.27265647
     0.20000000     0.24821308
     0.21000000     0.22534569
     0.22000000     0.20402387
     0.23000000     0.18420929
     0.24000000     0.16585666
     0.25000000     0.14891467
     0.26000000     0.13332693
     0.27000000     0.11903290
     0.28000000     0.10596881
     0.29000000    0.094068555
     0.30000000    0.083264517
     0.31000000    0.073488347
     0.32000000    0.064671688
     0.33000000    0.056746816
     0.34000000    0.049647230
     0.35000000    0.043308143
     0.36000000    0.037666922
     0.37000000    0.032663442
     0.38000000    0.028240369
     0.39000000    0.024343384
     0.40000000    0.020921335
     0.41000000    0.017926339
     0.42000000    0.015313822
     0.43000000    0.013042520
     0.44000000    0.011074438
     0.45000000   0.0093747685
     0.46000000   0.0079117887
     0.47000000   0.0066567272
     0.48000000   0.0055836168
     0.49000000   0.0046691318
     0.50000000   0.0038924171
     0.51000000   0.0032349119
     0.52000000   0.0026801717
     0.53000000   0.0022136920
     0.54000000   0.0018227352
     0.55000000   0.0014961643
     0.56000000   0.0012242833
     0.57000000  0.00099868638
     0.58000000  0.00081211713
     0.59000000  0.00065833717
     0.60000000  0.00053200551
     0.61000000  0.00042856814
     0.62000000  0.00034415785
     0.63000000  0.00027550381
     0.64000000  0.00021985068
     0.65000000  0.00017488659
     0.66000000  0.00013867941
     0.67000000  0.00010962068
     0.68000000 8.6376676E-005
     0.69000000 6.7845702E-005
     0.70000000 5.3121282E-005
     0.71000000 4.1460411E-005
     0.72000000 3.2256414E-005
     0.73000000 2.5015812E-005
     0.74000000 1.9338723E-005
     0.75000000 1.4902335E-005
     0.76000000 1.1447033E-005
     0.77000000 8.7648079E-006
     0.78000000 6.6896204E-006
     0.79000000 5.0894278E-006
     0.80000000 3.8596122E-006
     0.81000000 2.9175908E-006
     0.82000000 2.1984156E-006
     0.83000000 1.6511952E-006
     0.84000000 1.2361988E-006
     0.85000000 9.2252188E-007
     0.86000000 6.8621303E-007
     0.87000000 5.0877656E-007
     0.88000000 3.7598108E-007
     0.89000000 2.7691506E-007
     0.90000000 2.0324134E-007
     0.91000000 1.4861076E-007
     0.92000000 1.0820284E-007
     0.93000000 7.8367006E-008
     0.94000000 5.6343172E-008
     0.95000000 4.0044388E-008
     0.96000000 2.7887781E-008
     0.97000000 1.8662519E-008
     0.98000000 1.1425767E-008
     0.99000000 5.4192130E-009
      1.0000000     0.00000000
