     0.00000000      1.0000000
    0.010000000     0.96687916
    0.020000000     0.93381538
    0.030000000     0.90086539
    0.040000000     0.86808537
    0.050000000     0.83553061
    0.060000000     0.80325524
    0.070000000     0.77131199
    0.080000000     0.73975190
    0.090000000     0.70862406
     0.10000000     0.67797544
     0.11000000     0.64785065
     0.12000000     0.61829172
     0.13000000     0.58933799
     0.14000000     0.56102591
     0.15000000     0.53338895
     0.16000000     0.50645747
     0.17000000     0.48025867
     0.18000000     0.45481652
     0.19000000     0.43015172
     0.20000000     0.40628169
     0.21000000     0.38322063
     0.22000000     0.36097949
     0.23000000     0.33956606
     0.24000000     0.31898505
     0.25000000     0.29923817
     0.26000000     0.28032424
     0.27000000     0.26223935
     0.28000000     0.24497693
     0.29000000     0.22852795
     0.30000000     0.21288109
     0.31000000     0.19802287
     0.32000000     0.18393783
     0.33000000     0.17060874
     0.34000000     0.15801676
     0.35000000     0.14614162
     0.36000000     0.13496178
     0.37000000     0.12445468
     0.38000000     0.11459683
     0.39000000     0.10536405
     0.40000000    0.096731604
     0.41000000    0.088674352
     0.42000000    0.081166923
     0.43000000    0.074183846
     0.44000000    0.067699686
     0.45000000    0.061689166
     0.46000000    0.056127286
     0.47000000    0.050989423
     0.48000000    0.046251427
     0.49000000    0.041889701
     0.50000000    0.037881282
     0.51000000    0.034203895
     0.52000000    0.030836012
     0.53000000    0.027756898
     0.54000000    0.024946642
     0.55000000    0.022386185
     0.56000000    0.020057342
     0.57000000    0.017942808
     0.58000000    0.016026171
     0.59000000    0.014291900
     0.60000000    0.012725347
     0.61000000    0.011312729
     0.62000000    0.010041114
     0.63000000   0.0088983989
     0.64000000   0.0078732855
     0.65000000   0.0069552547
     0.66000000   0.0061345362
     0.67000000   0.0054020782
     0.68000000   0.0047495140
     0.69000000   0.0041691297
     0.70000000   0.0036538293
     0.71000000   0.0031971010
     0.72000000   0.0027929824
     0.73000000   0.0024360271
     0.74000000   0.0021212711
     0.75000000   0.0018441999
     0.76000000   0.0016007174
     0.77000000   0.0013871147
     0.78000000   0.0012000410
     0.79000000   0.0010364752
     0.80000000  0.00089369932
     0.81000000  0.00076927279
     0.82000000  0.00066100858
     0.83000000  0.00056695043
     0.84000000  0.00048535166
     0.85000000  0.00041465526
     0.86000000  0.00035347534
     0.87000000  0.00030057986
     0.88000000  0.00025487459
     0.89000000  0.00021538824
     0.90000000  0.00018125871
     0.91000000  0.00015172027
     0.92000000  0.00012609184
     0.93000000  0.00010376598
     0.94000000 8.4198755E-005
     0.95000000 6.6900263E-005
     0.96000000 5.1425787E-005
     0.97000000 3.7367460E-005
     0.98000000 2.4346368E-005
     0.99000000 1.2005006E-005
      1.0000000     0.00000000
