     0.00000000      1.0000000
    0.010000000     0.88753708
    0.020000000     0.77729741
    0.030000000     0.67137324
    0.040000000     0.57160764
    0.050000000     0.47950012
    0.060000000     0.39614391
    0.070000000     0.32219881
    0.080000000     0.25789904
    0.090000000     0.20309179
     0.10000000     0.15729921
     0.11000000     0.11979493
     0.12000000    0.089686022
     0.13000000    0.065992055
     0.14000000    0.047714880
     0.15000000    0.033894854
     0.16000000    0.023651617
     0.17000000    0.016209541
     0.18000000    0.010909498
     0.19000000   0.0072095708
     0.20000000   0.0046777350
     0.21000000   0.0029794667
     0.22000000   0.0018628463
     0.23000000   0.0011431766
     0.24000000  0.00068851390
     0.25000000  0.00040695202
     0.26000000  0.00023603442
     0.27000000  0.00013433274
     0.28000000 7.5013195E-005
     0.29000000 4.1097878E-005
     0.30000000 2.2090497E-005
     0.31000000 1.1648657E-005
     0.32000000 6.0257612E-006
     0.33000000 3.0577098E-006
     0.34000000 1.5219934E-006
     0.35000000 7.4309837E-007
     0.36000000 3.5586299E-007
     0.37000000 1.6715106E-007
     0.38000000 7.7003927E-008
     0.39000000 3.4792248E-008
     0.40000000 1.5417258E-008
     0.41000000 6.7000276E-009
     0.42000000 2.8554941E-009
     0.43000000 1.1934718E-009
     0.44000000 4.8917104E-010
     0.45000000 1.9661606E-010
     0.46000000 7.7495899E-011
     0.47000000 2.9952485E-011
     0.48000000 1.1352030E-011
     0.49000000 4.2188475E-012
     0.50000000 1.5374924E-012
     0.51000000 5.4917182E-013
     0.52000000 1.9245716E-013
     0.53000000 6.6169292E-014
     0.54000000 2.2259972E-014
     0.55000000 7.3829831E-015
     0.56000000 2.3314684E-015
     0.57000000 7.2164497E-016
     0.58000000 3.3306691E-016
     0.59000000 2.7755576E-016
     0.60000000-5.5511151E-017
     0.61000000 1.1102230E-016
     0.62000000 5.5511151E-017
     0.63000000-1.1102230E-016
     0.64000000     0.00000000
     0.65000000 5.5511151E-017
     0.66000000 1.1102230E-016
     0.67000000-2.2204460E-016
     0.68000000 2.7755576E-016
     0.69000000     0.00000000
     0.70000000-1.6653345E-016
     0.71000000-2.7755576E-016
     0.72000000-1.1102230E-016
     0.73000000-5.5511151E-017
     0.74000000 2.7755576E-016
     0.75000000-1.1102230E-016
     0.76000000 2.7755576E-017
     0.77000000 8.3266727E-017
     0.78000000-1.1102230E-016
     0.79000000-5.5511151E-017
     0.80000000-1.3877788E-016
     0.81000000-2.7755576E-017
     0.82000000-1.6653345E-016
     0.83000000 1.3877788E-016
     0.84000000-2.7755576E-017
     0.85000000 2.7755576E-017
     0.86000000-8.3266727E-017
     0.87000000 8.3266727E-017
     0.88000000-2.0816682E-016
     0.89000000-1.3877788E-017
     0.90000000-5.5511151E-017
     0.91000000-1.6653345E-016
     0.92000000     0.00000000
     0.93000000-1.3877788E-016
     0.94000000 1.1102230E-016
     0.95000000 1.3877788E-017
     0.96000000 6.2450045E-017
     0.97000000-1.5959456E-016
     0.98000000-6.5919492E-017
     0.99000000-1.6479873E-016
      1.0000000     0.00000000
