     0.00000000      1.0000000
    0.010000000     0.97355523
    0.020000000     0.94713950
    0.030000000     0.92078175
    0.040000000     0.89451075
    0.050000000     0.86835497
    0.060000000     0.84234248
    0.070000000     0.81650093
    0.080000000     0.79085738
    0.090000000     0.76543826
     0.10000000     0.74026928
     0.11000000     0.71537534
     0.12000000     0.69078047
     0.13000000     0.66650778
     0.14000000     0.64257934
     0.15000000     0.61901618
     0.16000000     0.59583821
     0.17000000     0.57306416
     0.18000000     0.55071157
     0.19000000     0.52879674
     0.20000000     0.50733469
     0.21000000     0.48633914
     0.22000000     0.46582251
     0.23000000     0.44579590
     0.24000000     0.42626907
     0.25000000     0.40725045
     0.26000000     0.38874716
     0.27000000     0.37076501
     0.28000000     0.35330851
     0.29000000     0.33638091
     0.30000000     0.31998420
     0.31000000     0.30411918
     0.32000000     0.28878547
     0.33000000     0.27398155
     0.34000000     0.25970481
     0.35000000     0.24595159
     0.36000000     0.23271725
     0.37000000     0.21999620
     0.38000000     0.20778195
     0.39000000     0.19606720
     0.40000000     0.18484386
     0.41000000     0.17410312
     0.42000000     0.16383551
     0.43000000     0.15403098
     0.44000000     0.14467891
     0.45000000     0.13576823
     0.46000000     0.12728742
     0.47000000     0.11922460
     0.48000000     0.11156759
     0.49000000     0.10430395
     0.50000000    0.097421028
     0.51000000    0.090906031
     0.52000000    0.084746057
     0.53000000    0.078928149
     0.54000000    0.073439339
     0.55000000    0.068266689
     0.56000000    0.063397329
     0.57000000    0.058818500
     0.58000000    0.054517579
     0.59000000    0.050482119
     0.60000000    0.046699873
     0.61000000    0.043158822
     0.62000000    0.039847199
     0.63000000    0.036753509
     0.64000000    0.033866546
     0.65000000    0.031175412
     0.66000000    0.028669529
     0.67000000    0.026338650
     0.68000000    0.024172868
     0.69000000    0.022162621
     0.70000000    0.020298700
     0.71000000    0.018572250
     0.72000000    0.016974769
     0.73000000    0.015498111
     0.74000000    0.014134480
     0.75000000    0.012876429
     0.76000000    0.011716852
     0.77000000    0.010648979
     0.78000000   0.0096663687
     0.79000000   0.0087628991
     0.80000000   0.0079327575
     0.81000000   0.0071704306
     0.82000000   0.0064706931
     0.83000000   0.0058285958
     0.84000000   0.0052394530
     0.85000000   0.0046988300
     0.86000000   0.0042025289
     0.87000000   0.0037465758
     0.88000000   0.0033272058
     0.89000000   0.0029408494
     0.90000000   0.0025841177
     0.91000000   0.0022537877
     0.92000000   0.0019467873
     0.93000000   0.0016601809
     0.94000000   0.0013911538
     0.95000000   0.0011369975
     0.96000000  0.00089509446
     0.97000000  0.00066290293
     0.98000000  0.00043794193
     0.99000000  0.00021777600
      1.0000000     0.00000000
