     0.00000000      1.0000000
    0.010000000     0.96846905
    0.020000000     0.93698733
    0.030000000     0.90560382
    0.040000000     0.87436706
    0.050000000     0.84332489
    0.060000000     0.81252427
    0.070000000     0.78201101
    0.080000000     0.75182963
    0.090000000     0.72202313
     0.10000000     0.69263278
     0.11000000     0.66369804
     0.12000000     0.63525630
     0.13000000     0.60734280
     0.14000000     0.57999050
     0.15000000     0.55322997
     0.16000000     0.52708926
     0.17000000     0.50159388
     0.18000000     0.47676672
     0.19000000     0.45262801
     0.20000000     0.42919530
     0.21000000     0.40648344
     0.22000000     0.38450463
     0.23000000     0.36326841
     0.24000000     0.34278171
     0.25000000     0.32304895
     0.26000000     0.30407203
     0.27000000     0.28585051
     0.28000000     0.26838163
     0.29000000     0.25166043
     0.30000000     0.23567991
     0.31000000     0.22043110
     0.32000000     0.20590321
     0.33000000     0.19208376
     0.34000000     0.17895873
     0.35000000     0.16651269
     0.36000000     0.15472892
     0.37000000     0.14358962
     0.38000000     0.13307596
     0.39000000     0.12316831
     0.40000000     0.11384630
     0.41000000     0.10508901
     0.42000000    0.096875075
     0.43000000    0.089182807
     0.44000000    0.081990320
     0.45000000    0.075275642
     0.46000000    0.069016817
     0.47000000    0.063192004
     0.48000000    0.057779569
     0.49000000    0.052758169
     0.50000000    0.048106825
     0.51000000    0.043804991
     0.52000000    0.039832614
     0.53000000    0.036170191
     0.54000000    0.032798806
     0.55000000    0.029700177
     0.56000000    0.026856683
     0.57000000    0.024251389
     0.58000000    0.021868068
     0.59000000    0.019691211
     0.60000000    0.017706035
     0.61000000    0.015898487
     0.62000000    0.014255242
     0.63000000    0.012763698
     0.64000000    0.011411960
     0.65000000    0.010188837
     0.66000000   0.0090838160
     0.67000000   0.0080870506
     0.68000000   0.0071893361
     0.69000000   0.0063820888
     0.70000000   0.0056573212
     0.71000000   0.0050076171
     0.72000000   0.0044261058
     0.73000000   0.0039064354
     0.74000000   0.0034427459
     0.75000000   0.0030296425
     0.76000000   0.0026621683
     0.77000000   0.0023357787
     0.78000000   0.0020463143
     0.79000000   0.0017899762
     0.80000000   0.0015633008
     0.81000000   0.0013631362
     0.82000000   0.0011866187
     0.83000000   0.0010311507
     0.84000000  0.00089437949
     0.85000000  0.00077417704
     0.86000000  0.00066862051
     0.87000000  0.00057597404
     0.88000000  0.00049467131
     0.89000000  0.00042329917
     0.90000000  0.00036058204
     0.91000000  0.00030536725
     0.92000000  0.00025661118
     0.93000000  0.00021336609
     0.94000000  0.00017476769
     0.95000000  0.00014002334
     0.96000000  0.00010840073
     0.97000000 7.9217115E-005
     0.98000000 5.1828915E-005
     0.99000000 2.5621626E-005
      1.0000000     0.00000000
