     0.00000000      1.0000000
    0.010000000     0.97047571
    0.020000000     0.94099183
    0.030000000     0.91158861
    0.040000000     0.88230596
    0.050000000     0.85318331
    0.060000000     0.82425942
    0.070000000     0.79557226
    0.080000000     0.76715884
    0.090000000     0.73905507
     0.10000000     0.71129561
     0.11000000     0.68391378
     0.12000000     0.65694142
     0.13000000     0.63040877
     0.14000000     0.60434438
     0.15000000     0.57877503
     0.16000000     0.55372566
     0.17000000     0.52921929
     0.18000000     0.50527695
     0.19000000     0.48191769
     0.20000000     0.45915850
     0.21000000     0.43701431
     0.22000000     0.41549801
     0.23000000     0.39462039
     0.24000000     0.37439023
     0.25000000     0.35481429
     0.26000000     0.33589734
     0.27000000     0.31764220
     0.28000000     0.30004985
     0.29000000     0.28311942
     0.30000000     0.26684831
     0.31000000     0.25123226
     0.32000000     0.23626539
     0.33000000     0.22194036
     0.34000000     0.20824841
     0.35000000     0.19517948
     0.36000000     0.18272229
     0.37000000     0.17086445
     0.38000000     0.15959259
     0.39000000     0.14889241
     0.40000000     0.13874881
     0.41000000     0.12914602
     0.42000000     0.12006764
     0.43000000     0.11149677
     0.44000000     0.10341613
     0.45000000    0.095808106
     0.46000000    0.088654852
     0.47000000    0.081938394
     0.48000000    0.075640692
     0.49000000    0.069743719
     0.50000000    0.064229535
     0.51000000    0.059080349
     0.52000000    0.054278582
     0.53000000    0.049806921
     0.54000000    0.045648373
     0.55000000    0.041786304
     0.56000000    0.038204487
     0.57000000    0.034887131
     0.58000000    0.031818913
     0.59000000    0.028985004
     0.60000000    0.026371093
     0.61000000    0.023963397
     0.62000000    0.021748680
     0.63000000    0.019714260
     0.64000000    0.017848012
     0.65000000    0.016138371
     0.66000000    0.014574333
     0.67000000    0.013145446
     0.68000000    0.011841810
     0.69000000    0.010654060
     0.70000000   0.0095733626
     0.71000000   0.0085913964
     0.72000000   0.0077003424
     0.73000000   0.0068928656
     0.74000000   0.0061620989
     0.75000000   0.0055016251
     0.76000000   0.0049054582
     0.77000000   0.0043680242
     0.78000000   0.0038841419
     0.79000000   0.0034490025
     0.80000000   0.0030581505
     0.81000000   0.0027074633
     0.82000000   0.0023931317
     0.83000000   0.0021116402
     0.84000000   0.0018597480
     0.85000000   0.0016344702
     0.86000000   0.0014330590
     0.87000000   0.0012529860
     0.88000000   0.0010919247
     0.89000000  0.00094773302
     0.90000000  0.00081843735
     0.91000000  0.00070221609
     0.92000000  0.00059738417
     0.93000000  0.00050237799
     0.94000000  0.00041574067
     0.95000000  0.00033610781
     0.96000000  0.00026219354
     0.97000000  0.00019277695
     0.98000000  0.00012668875
     0.99000000 6.2798160E-005
      1.0000000     0.00000000
