     0.00000000      1.0000000
    0.010000000     0.93011051
    0.020000000     0.86075622
    0.030000000     0.79246009
    0.040000000     0.72572099
    0.050000000     0.66100285
    0.060000000     0.59872507
    0.070000000     0.53925457
    0.080000000     0.48289970
    0.090000000     0.42990618
     0.10000000     0.38045513
     0.11000000     0.33466312
     0.12000000     0.29258414
     0.13000000     0.25421322
     0.14000000     0.21949156
     0.15000000     0.18831269
     0.16000000     0.16052954
     0.17000000     0.13596185
     0.18000000     0.11440387
     0.19000000    0.095631733
     0.20000000    0.079410626
     0.21000000    0.065501214
     0.22000000    0.053665392
     0.23000000    0.043671157
     0.24000000    0.035296597
     0.25000000    0.028332963
     0.26000000    0.022586888
     0.27000000    0.017881798
     0.28000000    0.014058605
     0.29000000    0.010975803
     0.30000000   0.0085090444
     0.31000000   0.0065503395
     0.32000000   0.0050069598
     0.33000000   0.0038001524
     0.34000000   0.0028637456
     0.35000000   0.0021427169
     0.36000000   0.0015917798
     0.37000000   0.0011740334
     0.38000000  0.00085970397
     0.39000000  0.00062500098
     0.40000000  0.00045109535
     0.41000000  0.00032322493
     0.42000000  0.00022992359
     0.43000000  0.00016236708
     0.44000000  0.00011382619
     0.45000000 7.9215532E-005
     0.46000000 5.4726406E-005
     0.47000000 3.7531567E-005
     0.48000000 2.5550807E-005
     0.49000000 1.7266960E-005
     0.50000000 1.1583131E-005
     0.51000000 7.7131257E-006
     0.52000000 5.0982964E-006
     0.53000000 3.3450756E-006
     0.54000000 2.1785582E-006
     0.55000000 1.4083516E-006
     0.56000000 9.0370805E-007
     0.57000000 5.7559499E-007
     0.58000000 3.6389358E-007
     0.59000000 2.2834800E-007
     0.60000000 1.4222715E-007
     0.61000000 8.7928031E-008
     0.62000000 5.3954668E-008
     0.63000000 3.2861311E-008
     0.64000000 1.9865174E-008
     0.65000000 1.1919253E-008
     0.66000000 7.0982704E-009
     0.67000000 4.1956627E-009
     0.68000000 2.4614500E-009
     0.69000000 1.4332491E-009
     0.70000000 8.2830537E-010
     0.71000000 4.7511162E-010
     0.72000000 2.7048003E-010
     0.73000000 1.5282942E-010
     0.74000000 8.5705942E-011
     0.75000000 4.7702592E-011
     0.76000000 2.6351199E-011
     0.77000000 1.4447360E-011
     0.78000000 7.8612117E-012
     0.79000000 4.2455761E-012
     0.80000000 2.2754576E-012
     0.81000000 1.2105039E-012
     0.82000000 6.3904437E-013
     0.83000000 3.3503755E-013
     0.84000000 1.7419399E-013
     0.85000000 8.9872554E-014
     0.86000000 4.5990989E-014
     0.87000000 2.3453461E-014
     0.88000000 1.1726731E-014
     0.89000000 5.9952043E-015
     0.90000000 2.9143354E-015
     0.91000000 1.3461454E-015
     0.92000000 7.0776718E-016
     0.93000000 3.3306691E-016
     0.94000000 2.2898350E-016
     0.95000000 7.6327833E-017
     0.96000000 8.3266727E-017
     0.97000000-3.4694470E-017
     0.98000000-5.5511151E-017
     0.99000000-1.7347235E-017
      1.0000000     0.00000000
