     0.00000000      1.0000000
    0.010000000     0.95674984
    0.020000000     0.91362666
    0.030000000     0.87075635
    0.040000000     0.82826254
    0.050000000     0.78626561
    0.060000000     0.74488162
    0.070000000     0.70422135
    0.080000000     0.66438944
    0.090000000     0.62548359
     0.10000000     0.58759385
     0.11000000     0.55080201
     0.12000000     0.51518117
     0.13000000     0.48079531
     0.14000000     0.44769907
     0.15000000     0.41593763
     0.16000000     0.38554663
     0.17000000     0.35655234
     0.18000000     0.32897177
     0.19000000     0.30281304
     0.20000000     0.27807569
     0.21000000     0.25475116
     0.22000000     0.23282335
     0.23000000     0.21226914
     0.24000000     0.19305906
     0.25000000     0.17515792
     0.26000000     0.15852552
     0.27000000     0.14311730
     0.28000000     0.12888507
     0.29000000     0.11577769
     0.30000000     0.10374168
     0.31000000    0.092721928
     0.32000000    0.082662252
     0.33000000    0.073505968
     0.34000000    0.065196419
     0.35000000    0.057677444
     0.36000000    0.050893803
     0.37000000    0.044791554
     0.38000000    0.039318369
     0.39000000    0.034423814
     0.40000000    0.030059568
     0.41000000    0.026179598
     0.42000000    0.022740296
     0.43000000    0.019700564
     0.44000000    0.017021868
     0.45000000    0.014668260
     0.46000000    0.012606357
     0.47000000    0.010805309
     0.48000000   0.0092367355
     0.49000000   0.0078746390
     0.50000000   0.0066953135
     0.51000000   0.0056772321
     0.52000000   0.0048009292
     0.53000000   0.0040488751
     0.54000000   0.0034053481
     0.55000000   0.0028563036
     0.56000000   0.0023892452
     0.57000000   0.0019930969
     0.58000000   0.0016580793
     0.59000000   0.0013755913
     0.60000000   0.0011380956
     0.61000000  0.00093901253
     0.62000000  0.00077261923
     0.63000000  0.00063395631
     0.64000000  0.00051874162
     0.65000000  0.00042329109
     0.66000000  0.00034444652
     0.67000000  0.00027951012
     0.68000000  0.00022618553
     0.69000000  0.00018252490
     0.70000000  0.00014688181
     0.71000000  0.00011786941
     0.72000000 9.4323523E-005
     0.73000000 7.5270264E-005
     0.74000000 5.9897691E-005
     0.75000000 4.7531189E-005
     0.76000000 3.7612137E-005
     0.77000000 2.9679519E-005
     0.78000000 2.3354147E-005
     0.79000000 1.8325180E-005
     0.80000000 1.4338650E-005
     0.81000000 1.1187746E-005
     0.82000000 8.7046142E-006
     0.83000000 6.7534653E-006
     0.84000000 5.2248112E-006
     0.85000000 4.0306570E-006
     0.86000000 3.1005099E-006
     0.87000000 2.3780789E-006
     0.88000000 1.8185544E-006
     0.89000000 1.3863750E-006
     0.90000000 1.0534013E-006
     0.91000000 7.9742527E-007
     0.92000000 6.0095995E-007
     0.93000000 4.5025650E-007
     0.94000000 3.3450876E-007
     0.95000000 2.4520897E-007
     0.96000000 1.7562489E-007
     0.97000000 1.2037315E-007
     0.98000000 7.5067379E-008
     0.99000000 3.6022617E-008
      1.0000000     0.00000000
