     0.00000000      1.0000000
    0.010000000     0.94216611
    0.020000000     0.88463567
    0.030000000     0.82770738
    0.040000000     0.77167050
    0.050000000     0.71680052
    0.060000000     0.66335503
    0.070000000     0.61157020
    0.080000000     0.56165772
    0.090000000     0.51380229
     0.10000000     0.46815991
     0.11000000     0.42485664
     0.12000000     0.38398816
     0.13000000     0.34561997
     0.14000000     0.30978811
     0.15000000     0.27650048
     0.16000000     0.24573870
     0.17000000     0.21746027
     0.18000000     0.19160111
     0.19000000     0.16807832
     0.20000000     0.14679309
     0.21000000     0.12763363
     0.22000000     0.11047813
     0.23000000    0.095197596
     0.24000000    0.081658516
     0.25000000    0.069725369
     0.26000000    0.059262856
     0.27000000    0.050137868
     0.28000000    0.042221175
     0.29000000    0.035388818
     0.30000000    0.029523216
     0.31000000    0.024513999
     0.32000000    0.020258580
     0.33000000    0.016662495
     0.34000000    0.013639530
     0.35000000    0.011111681
     0.36000000   0.0090089453
     0.37000000   0.0072690090
     0.38000000   0.0058368301
     0.39000000   0.0046641584
     0.40000000   0.0037090100
     0.41000000   0.0029351177
     0.42000000   0.0023113752
     0.43000000   0.0018112882
     0.44000000   0.0014124462
     0.45000000   0.0010960207
     0.46000000  0.00084629844
     0.47000000  0.00065025225
     0.48000000  0.00049715241
     0.49000000  0.00037821833
     0.50000000  0.00028631038
     0.51000000  0.00021565990
     0.52000000  0.00016163519
     0.53000000  0.00012054058
     0.54000000 8.9445427E-005
     0.55000000 6.6040049E-005
     0.56000000 4.8515215E-005
     0.57000000 3.5462305E-005
     0.58000000 2.5791201E-005
     0.59000000 1.8663327E-005
     0.60000000 1.3437450E-005
     0.61000000 9.6261457E-006
     0.62000000 6.8610940E-006
     0.63000000 4.8656105E-006
     0.64000000 3.4330655E-006
     0.65000000 2.4100467E-006
     0.66000000 1.6833148E-006
     0.67000000 1.1697679E-006
     0.68000000 8.0877298E-007
     0.69000000 5.5634503E-007
     0.70000000 3.8075940E-007
     0.71000000 2.5926514E-007
     0.72000000 1.7563983E-007
     0.73000000 1.1838198E-007
     0.74000000 7.9383518E-008
     0.75000000 5.2960939E-008
     0.76000000 3.5152816E-008
     0.77000000 2.3213585E-008
     0.78000000 1.5251079E-008
     0.79000000 9.9685928E-009
     0.80000000 6.4824730E-009
     0.81000000 4.1939178E-009
     0.82000000 2.6994182E-009
     0.83000000 1.7285835E-009
     0.84000000 1.1012331E-009
     0.85000000 6.9796829E-010
     0.86000000 4.4010734E-010
     0.87000000 2.7608762E-010
     0.88000000 1.7230536E-010
     0.89000000 1.0698264E-010
     0.90000000 6.6082320E-011
     0.91000000 4.0607517E-011
     0.92000000 2.4823005E-011
     0.93000000 1.5092344E-011
     0.94000000 9.1226263E-012
     0.95000000 5.4744889E-012
     0.96000000 3.2488109E-012
     0.97000000 1.8837605E-012
     0.98000000 1.0268175E-012
     0.99000000 4.5109402E-013
      1.0000000     0.00000000
