     0.00000000      1.0000000
    0.010000000     0.97231058
    0.020000000     0.94465450
    0.030000000     0.91706498
    0.040000000     0.88957498
    0.050000000     0.86221714
    0.060000000     0.83502359
    0.070000000     0.80802589
    0.080000000     0.78125490
    0.090000000     0.75474068
     0.10000000     0.72851239
     0.11000000     0.70259817
     0.12000000     0.67702509
     0.13000000     0.65181904
     0.14000000     0.62700468
     0.15000000     0.60260532
     0.16000000     0.57864290
     0.17000000     0.55513795
     0.18000000     0.53210947
     0.19000000     0.50957498
     0.20000000     0.48755044
     0.21000000     0.46605021
     0.22000000     0.44508708
     0.23000000     0.42467225
     0.24000000     0.40481531
     0.25000000     0.38552427
     0.26000000     0.36680556
     0.27000000     0.34866408
     0.28000000     0.33110319
     0.29000000     0.31412477
     0.30000000     0.29772928
     0.31000000     0.28191575
     0.32000000     0.26668190
     0.33000000     0.25202415
     0.34000000     0.23793768
     0.35000000     0.22441653
     0.36000000     0.21145364
     0.37000000     0.19904093
     0.38000000     0.18716934
     0.39000000     0.17582897
     0.40000000     0.16500908
     0.41000000     0.15469821
     0.42000000     0.14488425
     0.43000000     0.13555450
     0.44000000     0.12669574
     0.45000000     0.11829432
     0.46000000     0.11033623
     0.47000000     0.10280714
     0.48000000    0.095692506
     0.49000000    0.088977604
     0.50000000    0.082647605
     0.51000000    0.076687629
     0.52000000    0.071082799
     0.53000000    0.065818296
     0.54000000    0.060879406
     0.55000000    0.056251564
     0.56000000    0.051920398
     0.57000000    0.047871762
     0.58000000    0.044091779
     0.59000000    0.040566862
     0.60000000    0.037283749
     0.61000000    0.034229524
     0.62000000    0.031391638
     0.63000000    0.028757927
     0.64000000    0.026316629
     0.65000000    0.024056390
     0.66000000    0.021966277
     0.67000000    0.020035786
     0.68000000    0.018254840
     0.69000000    0.016613794
     0.70000000    0.015103436
     0.71000000    0.013714978
     0.72000000    0.012440059
     0.73000000    0.011270733
     0.74000000    0.010199462
     0.75000000   0.0092191098
     0.76000000   0.0083229284
     0.77000000   0.0075045478
     0.78000000   0.0067579633
     0.79000000   0.0060775223
     0.80000000   0.0054579104
     0.81000000   0.0048941371
     0.82000000   0.0043815204
     0.83000000   0.0039156719
     0.84000000   0.0034924812
     0.85000000   0.0031080997
     0.86000000   0.0027589255
     0.87000000   0.0024415866
     0.88000000   0.0021529254
     0.89000000   0.0018899826
     0.90000000   0.0016499814
     0.91000000   0.0014303116
     0.92000000   0.0012285139
     0.93000000   0.0010422644
     0.94000000  0.00086935913
     0.95000000  0.00070769856
     0.96000000  0.00055527265
     0.97000000  0.00041014561
     0.98000000  0.00027044096
     0.99000000  0.00013432660
      1.0000000     0.00000000
