     0.00000000      1.0000000
    0.010000000     0.93492531
    0.020000000     0.87028277
    0.030000000     0.80649594
    0.040000000     0.74397148
    0.050000000     0.68309140
    0.060000000     0.62420611
    0.070000000     0.56762850
    0.080000000     0.51362911
    0.090000000     0.46243273
     0.10000000     0.41421618
     0.11000000     0.36910759
     0.12000000     0.32718688
     0.13000000     0.28848746
     0.14000000     0.25299906
     0.15000000     0.22067136
     0.16000000     0.19141843
     0.17000000     0.16512359
     0.18000000     0.14164469
     0.19000000     0.12081939
     0.20000000     0.10247043
     0.21000000    0.086410733
     0.22000000    0.072448014
     0.23000000    0.060389081
     0.24000000    0.050043521
     0.25000000    0.041226833
     0.26000000    0.033762978
     0.27000000    0.027486336
     0.28000000    0.022243121
     0.29000000    0.017892268
     0.30000000    0.014305878
     0.31000000    0.011369265
     0.32000000   0.0089806712
     0.33000000   0.0070507291
     0.34000000   0.0055017252
     0.35000000   0.0042667248
     0.36000000   0.0032886143
     0.37000000   0.0025191028
     0.38000000   0.0019177234
     0.39000000   0.0014508616
     0.40000000   0.0010908352
     0.41000000  0.00081503991
     0.42000000  0.00060517226
     0.43000000  0.00044653307
     0.44000000  0.00032741386
     0.45000000  0.00023856345
     0.46000000  0.00017273050
     0.47000000  0.00012427607
     0.48000000 8.8849419E-005
     0.49000000 6.3119828E-005
     0.50000000 4.4557091E-005
     0.51000000 3.1253850E-005
     0.52000000 2.1783213E-005
     0.53000000 1.5085798E-005
     0.54000000 1.0380994E-005
     0.55000000 7.0979083E-006
     0.56000000 4.8221343E-006
     0.57000000 3.2550860E-006
     0.58000000 2.1832165E-006
     0.59000000 1.4549208E-006
     0.60000000 9.6335701E-007
     0.61000000 6.3377891E-007
     0.62000000 4.1427459E-007
     0.63000000 2.6905203E-007
     0.64000000 1.7361180E-007
     0.65000000 1.1130506E-007
     0.66000000 7.0899135E-008
     0.67000000 4.4869911E-008
     0.68000000 2.8213411E-008
     0.69000000 1.7625444E-008
     0.70000000 1.0939732E-008
     0.71000000 6.7461116E-009
     0.72000000 4.1331276E-009
     0.73000000 2.5158268E-009
     0.74000000 1.5214501E-009
     0.75000000 9.1412983E-010
     0.76000000 5.4566951E-010
     0.77000000 3.2361008E-010
     0.78000000 1.9067004E-010
     0.79000000 1.1161194E-010
     0.80000000 6.4908912E-011
     0.81000000 3.7502668E-011
     0.82000000 2.1526919E-011
     0.83000000 1.2276402E-011
     0.84000000 6.9552697E-012
     0.85000000 3.9148129E-012
     0.86000000 2.1890822E-012
     0.87000000 1.2162216E-012
     0.88000000 6.7114370E-013
     0.89000000 3.6808057E-013
     0.90000000 2.0042301E-013
     0.91000000 1.0837164E-013
     0.92000000 5.8258953E-014
     0.93000000 3.1072367E-014
     0.94000000 1.6570079E-014
     0.95000000 8.7013730E-015
     0.96000000 4.5727311E-015
     0.97000000 2.2690183E-015
     0.98000000 1.0720591E-015
     0.99000000 4.5449755E-016
      1.0000000     0.00000000
