     0.00000000      1.0000000
    0.010000000     0.96984998
    0.020000000     0.93974299
    0.030000000     0.90972189
    0.040000000     0.87982916
    0.050000000     0.85010674
    0.060000000     0.82059584
    0.070000000     0.79133678
    0.080000000     0.76236882
    0.090000000     0.73373000
     0.10000000     0.70545699
     0.11000000     0.67758496
     0.12000000     0.65014744
     0.13000000     0.62317622
     0.14000000     0.59670122
     0.15000000     0.57075039
     0.16000000     0.54534967
     0.17000000     0.52052288
     0.18000000     0.49629170
     0.19000000     0.47267559
     0.20000000     0.44969180
     0.21000000     0.42735531
     0.22000000     0.40567890
     0.23000000     0.38467306
     0.24000000     0.36434613
     0.25000000     0.34470422
     0.26000000     0.32575135
     0.27000000     0.30748946
     0.28000000     0.28991845
     0.29000000     0.27303634
     0.30000000     0.25683926
     0.31000000     0.24132159
     0.32000000     0.22647607
     0.33000000     0.21229384
     0.34000000     0.19876461
     0.35000000     0.18587673
     0.36000000     0.17361733
     0.37000000     0.16197241
     0.38000000     0.15092695
     0.39000000     0.14046505
     0.40000000     0.13057002
     0.41000000     0.12122450
     0.42000000     0.11241058
     0.43000000     0.10410989
     0.44000000    0.096303688
     0.45000000    0.088973007
     0.46000000    0.082098703
     0.47000000    0.075661565
     0.48000000    0.069642396
     0.49000000    0.064022090
     0.50000000    0.058781707
     0.51000000    0.053902539
     0.52000000    0.049366173
     0.53000000    0.045154542
     0.54000000    0.041249982
     0.55000000    0.037635271
     0.56000000    0.034293669
     0.57000000    0.031208948
     0.58000000    0.028365426
     0.59000000    0.025747982
     0.60000000    0.023342081
     0.61000000    0.021133779
     0.62000000    0.019109739
     0.63000000    0.017257232
     0.64000000    0.015564137
     0.65000000    0.014018942
     0.66000000    0.012610735
     0.67000000    0.011329198
     0.68000000    0.010164595
     0.69000000   0.0091077593
     0.70000000   0.0081500771
     0.71000000   0.0072834730
     0.72000000   0.0065003905
     0.73000000   0.0057937731
     0.74000000   0.0051570441
     0.75000000   0.0045840859
     0.76000000   0.0040692186
     0.77000000   0.0036071782
     0.78000000   0.0031930953
     0.79000000   0.0028224727
     0.80000000   0.0024911642
     0.81000000   0.0021953532
     0.82000000   0.0019315314
     0.83000000   0.0016964786
     0.84000000   0.0014872421
     0.85000000   0.0013011177
     0.86000000   0.0011356305
     0.87000000  0.00098851627
     0.88000000  0.00085770446
     0.89000000  0.00074130055
     0.90000000  0.00063756989
     0.91000000  0.00054492190
     0.92000000  0.00046189482
     0.93000000  0.00038714112
     0.94000000  0.00031941335
     0.95000000  0.00025755058
     0.96000000  0.00020046515
     0.97000000  0.00014712989
     0.98000000 9.6565600E-005
     0.99000000 4.7828869E-005
      1.0000000     0.00000000
