     0.00000000      1.0000000
    0.010000000     0.96197675
    0.020000000     0.92403980
    0.030000000     0.88627487
    0.040000000     0.84876650
    0.050000000     0.81159751
    0.060000000     0.77484842
    0.070000000     0.73859696
    0.080000000     0.70291756
    0.090000000     0.66788090
     0.10000000     0.63355348
     0.11000000     0.59999728
     0.12000000     0.56726944
     0.13000000     0.53542194
     0.14000000     0.50450146
     0.15000000     0.47454914
     0.16000000     0.44560053
     0.17000000     0.41768550
     0.18000000     0.39082823
     0.19000000     0.36504730
     0.20000000     0.34035574
     0.21000000     0.31676120
     0.22000000     0.29426610
     0.23000000     0.27286791
     0.24000000     0.25255932
     0.25000000     0.23332860
     0.26000000     0.21515988
     0.27000000     0.19803347
     0.28000000     0.18192622
     0.29000000     0.16681186
     0.30000000     0.15266138
     0.31000000     0.13944338
     0.32000000     0.12712443
     0.33000000     0.11566944
     0.34000000     0.10504200
     0.35000000    0.095204705
     0.36000000    0.086119468
     0.37000000    0.077747842
     0.38000000    0.070051285
     0.39000000    0.062991420
     0.40000000    0.056530277
     0.41000000    0.050630501
     0.42000000    0.045255546
     0.43000000    0.040369841
     0.44000000    0.035938931
     0.45000000    0.031929602
     0.46000000    0.028309976
     0.47000000    0.025049592
     0.48000000    0.022119462
     0.49000000    0.019492110
     0.50000000    0.017141595
     0.51000000    0.015043523
     0.52000000    0.013175030
     0.53000000    0.011514772
     0.54000000    0.010042892
     0.55000000   0.0087409757
     0.56000000   0.0075920118
     0.57000000   0.0065803322
     0.58000000   0.0056915553
     0.59000000   0.0049125225
     0.60000000   0.0042312329
     0.61000000   0.0036367751
     0.62000000   0.0031192595
     0.63000000   0.0026697499
     0.64000000   0.0022801959
     0.65000000   0.0019433668
     0.66000000   0.0016527876
     0.67000000   0.0014026766
     0.68000000   0.0011878865
     0.69000000   0.0010038480
     0.70000000  0.00084651619
     0.71000000  0.00071232083
     0.72000000  0.00059811932
     0.73000000  0.00050115332
     0.74000000  0.00041900841
     0.75000000  0.00034957707
     0.76000000  0.00029102472
     0.77000000  0.00024175867
     0.78000000  0.00020040002
     0.79000000  0.00016575814
     0.80000000  0.00013680773
     0.81000000  0.00011266815
     0.82000000 9.2585068E-005
     0.83000000 7.5913946E-005
     0.84000000 6.2105513E-005
     0.85000000 5.0692834E-005
     0.86000000 4.1279933E-005
     0.87000000 3.3531792E-005
     0.88000000 2.7165575E-005
     0.89000000 2.1942966E-005
     0.90000000 1.7663480E-005
     0.91000000 1.4158644E-005
     0.92000000 1.1286936E-005
     0.93000000 8.9293854E-006
     0.94000000 6.9857485E-006
     0.95000000 5.3711723E-006
     0.96000000 4.0132717E-006
     0.97000000 2.8495506E-006
     0.98000000 1.8251020E-006
     0.99000000 8.9052453E-007
      1.0000000     0.00000000
