     0.00000000      1.0000000
    0.010000000     0.95796725
    0.020000000     0.91605107
    0.030000000     0.87436706
    0.040000000     0.83302889
    0.050000000     0.79214739
    0.060000000     0.75182963
    0.070000000     0.71217812
    0.080000000     0.67328998
    0.090000000     0.63525630
     0.10000000     0.59816145
     0.11000000     0.56208261
     0.12000000     0.52708926
     0.13000000     0.49324286
     0.14000000     0.46059662
     0.15000000     0.42919530
     0.16000000     0.39907520
     0.17000000     0.37026416
     0.18000000     0.34278171
     0.19000000     0.31663930
     0.20000000     0.29184055
     0.21000000     0.26838163
     0.22000000     0.24625170
     0.23000000     0.22543337
     0.24000000     0.20590321
     0.25000000     0.18763233
     0.26000000     0.17058693
     0.27000000     0.15472892
     0.28000000     0.14001650
     0.29000000     0.12640477
     0.30000000     0.11384630
     0.31000000     0.10229172
     0.32000000    0.091690282
     0.33000000    0.081990321
     0.34000000    0.073139800
     0.35000000    0.065086726
     0.36000000    0.057779571
     0.37000000    0.051167631
     0.38000000    0.045201353
     0.39000000    0.039832619
     0.40000000    0.035014981
     0.41000000    0.030703858
     0.42000000    0.026856696
     0.43000000    0.023433083
     0.44000000    0.020394840
     0.45000000    0.017706066
     0.46000000    0.015333162
     0.47000000    0.013244829
     0.48000000    0.011412036
     0.49000000   0.0098079757
     0.50000000   0.0084079946
     0.51000000   0.0071895173
     0.52000000   0.0061319533
     0.53000000   0.0052165979
     0.54000000   0.0044265259
     0.55000000   0.0037464809
     0.56000000   0.0031627638
     0.57000000   0.0026631193
     0.58000000   0.0022366244
     0.59000000   0.0018735796
     0.60000000   0.0015654023
     0.61000000   0.0013045257
     0.62000000   0.0010843024
     0.63000000  0.00089891279
     0.64000000  0.00074327987
     0.65000000  0.00061298977
     0.66000000  0.00050421823
     0.67000000  0.00041366310
     0.68000000  0.00033848269
     0.69000000  0.00027623972
     0.70000000  0.00022485076
     0.71000000  0.00018254075
     0.72000000  0.00014780230
     0.73000000  0.00011935954
     0.74000000 9.6136077E-005
     0.75000000 7.7226751E-005
     0.76000000 6.1872834E-005
     0.77000000 4.9440394E-005
     0.78000000 3.9401455E-005
     0.79000000 3.1317691E-005
     0.80000000 2.4826352E-005
     0.81000000 1.9628184E-005
     0.82000000 1.5477085E-005
     0.83000000 1.2171301E-005
     0.84000000 9.5459466E-006
     0.85000000 7.4666819E-006
     0.86000000 5.8243892E-006
     0.87000000 4.5307030E-006
     0.88000000 3.5142735E-006
     0.89000000 2.7176521E-006
     0.90000000 2.0947052E-006
     0.91000000 1.6084722E-006
     0.92000000 1.2293959E-006
     0.93000000 9.3386458E-007
     0.94000000 7.0301028E-007
     0.95000000 5.2171921E-007
     0.96000000 3.7781375E-007
     0.97000000 2.6137224E-007
     0.98000000 1.6415723E-007
     0.99000000 7.9125905E-008
      1.0000000     0.00000000
