     0.00000000      1.0000000
    0.010000000     0.96659006
    0.020000000     0.93323868
    0.030000000     0.90000410
    0.040000000     0.86694395
    0.050000000     0.83411495
    0.060000000     0.80157263
    0.070000000     0.76937101
    0.080000000     0.73756238
    0.090000000     0.70619700
     0.10000000     0.67532290
     0.11000000     0.64498566
     0.12000000     0.61522817
     0.13000000     0.58609051
     0.14000000     0.55760979
     0.15000000     0.52981997
     0.16000000     0.50275181
     0.17000000     0.47643280
     0.18000000     0.45088703
     0.19000000     0.42613526
     0.20000000     0.40219482
     0.21000000     0.37907972
     0.22000000     0.35680061
     0.23000000     0.33536489
     0.24000000     0.31477678
     0.25000000     0.29503742
     0.26000000     0.27614499
     0.27000000     0.25809485
     0.28000000     0.24087965
     0.29000000     0.22448956
     0.30000000     0.20891238
     0.31000000     0.19413374
     0.32000000     0.18013727
     0.33000000     0.16690481
     0.34000000     0.15441657
     0.35000000     0.14265137
     0.36000000     0.13158676
     0.37000000     0.12119926
     0.38000000     0.11146453
     0.39000000     0.10235753
     0.40000000    0.093852711
     0.41000000    0.085924185
     0.42000000    0.078545851
     0.43000000    0.071691563
     0.44000000    0.065335260
     0.45000000    0.059451093
     0.46000000    0.054013539
     0.47000000    0.048997506
     0.48000000    0.044378427
     0.49000000    0.040132343
     0.50000000    0.036235976
     0.51000000    0.032666787
     0.52000000    0.029403034
     0.53000000    0.026423810
     0.54000000    0.023709076
     0.55000000    0.021239685
     0.56000000    0.018997403
     0.57000000    0.016964911
     0.58000000    0.015125808
     0.59000000    0.013464612
     0.60000000    0.011966741
     0.61000000    0.010618504
     0.62000000   0.0094070811
     0.63000000   0.0083204955
     0.64000000   0.0073475906
     0.65000000   0.0064779994
     0.66000000   0.0057021128
     0.67000000   0.0050110463
     0.68000000   0.0043966053
     0.69000000   0.0038512505
     0.70000000   0.0033680612
     0.71000000   0.0029407004
     0.72000000   0.0025633783
     0.73000000   0.0022308181
     0.74000000   0.0019382210
     0.75000000   0.0016812330
     0.76000000   0.0014559124
     0.77000000   0.0012586986
     0.78000000   0.0010863825
     0.79000000  0.00093607765
     0.80000000  0.00080519362
     0.81000000  0.00069141014
     0.82000000  0.00059265322
     0.83000000  0.00050707254
     0.84000000  0.00043302031
     0.85000000  0.00036903165
     0.86000000  0.00031380626
     0.87000000  0.00026619144
     0.88000000  0.00022516640
     0.89000000  0.00018982775
     0.90000000  0.00015937611
     0.91000000  0.00013310375
     0.92000000  0.00011038320
     0.93000000 9.0656731E-005
     0.94000000 7.3426614E-005
     0.95000000 5.8246106E-005
     0.96000000 4.4711015E-005
     0.97000000 3.2451813E-005
     0.98000000 2.1126182E-005
     0.99000000 1.0411900E-005
      1.0000000     0.00000000
