     0.00000000      1.0000000
    0.010000000     0.97125246
    0.020000000     0.94254222
    0.030000000     0.91390646
    0.040000000     0.88538203
    0.050000000     0.85700538
    0.060000000     0.82881237
    0.070000000     0.80083818
    0.080000000     0.77311712
    0.090000000     0.74568254
     0.10000000     0.71856673
     0.11000000     0.69180076
     0.12000000     0.66541440
     0.13000000     0.63943602
     0.14000000     0.61389251
     0.15000000     0.58880919
     0.16000000     0.56420972
     0.17000000     0.54011607
     0.18000000     0.51654848
     0.19000000     0.49352538
     0.20000000     0.47106336
     0.21000000     0.44917720
     0.22000000     0.42787981
     0.23000000     0.40718224
     0.24000000     0.38709370
     0.25000000     0.36762157
     0.26000000     0.34877144
     0.27000000     0.33054711
     0.28000000     0.31295067
     0.29000000     0.29598255
     0.30000000     0.27964153
     0.31000000     0.26392487
     0.32000000     0.24882832
     0.33000000     0.23434624
     0.34000000     0.22047164
     0.35000000     0.20719630
     0.36000000     0.19451080
     0.37000000     0.18240469
     0.38000000     0.17086648
     0.39000000     0.15988380
     0.40000000     0.14944349
     0.41000000     0.13953162
     0.42000000     0.13013367
     0.43000000     0.12123455
     0.44000000     0.11281872
     0.45000000     0.10487027
     0.46000000    0.097372971
     0.47000000    0.090310401
     0.48000000    0.083665984
     0.49000000    0.077423075
     0.50000000    0.071565022
     0.51000000    0.066075232
     0.52000000    0.060937231
     0.53000000    0.056134716
     0.54000000    0.051651603
     0.55000000    0.047472081
     0.56000000    0.043580645
     0.57000000    0.039962138
     0.58000000    0.036601780
     0.59000000    0.033485202
     0.60000000    0.030598465
     0.61000000    0.027928085
     0.62000000    0.025461044
     0.63000000    0.023184811
     0.64000000    0.021087344
     0.65000000    0.019157103
     0.66000000    0.017383048
     0.67000000    0.015754643
     0.68000000    0.014261854
     0.69000000    0.012895141
     0.70000000    0.011645456
     0.71000000    0.010504235
     0.72000000   0.0094633816
     0.73000000   0.0085152620
     0.74000000   0.0076526888
     0.75000000   0.0068689072
     0.76000000   0.0061575802
     0.77000000   0.0055127727
     0.78000000   0.0049289345
     0.79000000   0.0044008834
     0.80000000   0.0039237881
     0.81000000   0.0034931498
     0.82000000   0.0031047849
     0.83000000   0.0027548071
     0.84000000   0.0024396091
     0.85000000   0.0021558454
     0.86000000   0.0019004144
     0.87000000   0.0016704410
     0.88000000   0.0014632600
     0.89000000   0.0012763988
     0.90000000   0.0011075612
     0.91000000  0.00095461101
     0.92000000  0.00081555670
     0.93000000  0.00068853541
     0.94000000  0.00057179797
     0.95000000  0.00046369399
     0.96000000  0.00036265722
     0.97000000  0.00026719110
     0.98000000  0.00017585461
     0.99000000 8.7248222E-005
      1.0000000     0.00000000
