     0.00000000      1.0000000
    0.010000000     0.96796480
    0.020000000     0.93598121
    0.030000000     0.90410063
    0.040000000     0.87237390
    0.050000000     0.84085118
    0.060000000     0.80958162
    0.070000000     0.77861317
    0.080000000     0.74799235
    0.090000000     0.71776405
     0.10000000     0.68797132
     0.11000000     0.65865519
     0.12000000     0.62985454
     0.13000000     0.60160588
     0.14000000     0.57394329
     0.15000000     0.54689826
     0.16000000     0.52049961
     0.17000000     0.49477341
     0.18000000     0.46974292
     0.19000000     0.44542859
     0.20000000     0.42184798
     0.21000000     0.39901579
     0.22000000     0.37694390
     0.23000000     0.35564137
     0.24000000     0.33511452
     0.25000000     0.31536697
     0.26000000     0.29639975
     0.27000000     0.27821138
     0.28000000     0.26079798
     0.29000000     0.24415340
     0.30000000     0.22826932
     0.31000000     0.21313544
     0.32000000     0.19873955
     0.33000000     0.18506773
     0.34000000     0.17210448
     0.35000000     0.15983289
     0.36000000     0.14823477
     0.37000000     0.13729082
     0.38000000     0.12698080
     0.39000000     0.11728362
     0.40000000     0.10817756
     0.41000000    0.099640368
     0.42000000    0.091649396
     0.43000000    0.084181752
     0.44000000    0.077214409
     0.45000000    0.070724322
     0.46000000    0.064688543
     0.47000000    0.059084315
     0.48000000    0.053889167
     0.49000000    0.049080999
     0.50000000    0.044638155
     0.51000000    0.040539495
     0.52000000    0.036764446
     0.53000000    0.033293061
     0.54000000    0.030106056
     0.55000000    0.027184851
     0.56000000    0.024511590
     0.57000000    0.022069172
     0.58000000    0.019841258
     0.59000000    0.017812284
     0.60000000    0.015967462
     0.61000000    0.014292782
     0.62000000    0.012775001
     0.63000000    0.011401636
     0.64000000    0.010160946
     0.65000000   0.0090419210
     0.66000000   0.0080342542
     0.67000000   0.0071283249
     0.68000000   0.0063151722
     0.69000000   0.0055864687
     0.70000000   0.0049344937
     0.71000000   0.0043521048
     0.72000000   0.0038327091
     0.73000000   0.0033702347
     0.74000000   0.0029591010
     0.75000000   0.0025941899
     0.76000000   0.0022708177
     0.77000000   0.0019847065
     0.78000000   0.0017319572
     0.79000000   0.0015090230
     0.80000000   0.0013126836
     0.81000000   0.0011400208
     0.82000000  0.00098839470
     0.83000000  0.00085542123
     0.84000000  0.00073895081
     0.85000000  0.00063704797
     0.86000000  0.00054797220
     0.87000000  0.00047015981
     0.88000000  0.00040220689
     0.89000000  0.00034285329
     0.90000000  0.00029096755
     0.91000000  0.00024553278
     0.92000000  0.00020563338
     0.93000000  0.00017044257
     0.94000000  0.00013921064
     0.95000000  0.00011125388
     0.96000000 8.5944023E-005
     0.97000000 6.2698262E-005
     0.98000000 4.0969644E-005
     0.99000000 2.0237813E-005
      1.0000000     0.00000000
