     0.00000000      1.0000000
    0.010000000     0.94058422
    0.020000000     0.88149745
    0.030000000     0.82306327
    0.040000000     0.76559448
    0.050000000     0.70938812
    0.060000000     0.65472085
    0.070000000     0.60184497
    0.080000000     0.55098499
    0.090000000     0.50233495
     0.10000000     0.45605654
     0.11000000     0.41227791
     0.12000000     0.37109337
     0.13000000     0.33256375
     0.14000000     0.29671753
     0.15000000     0.26355248
     0.16000000     0.23303798
     0.17000000     0.20511768
     0.18000000     0.17971249
     0.19000000     0.15672387
     0.20000000     0.13603713
     0.21000000     0.11752487
     0.22000000     0.10105026
     0.23000000    0.086470195
     0.24000000    0.073638270
     0.25000000    0.062407419
     0.26000000    0.052632303
     0.27000000    0.044171345
     0.28000000    0.036888426
     0.29000000    0.030654239
     0.30000000    0.025347319
     0.31000000    0.020854762
     0.32000000    0.017072661
     0.33000000    0.013906297
     0.34000000    0.011270105
     0.35000000   0.0090874675
     0.36000000   0.0072903581
     0.37000000   0.0058188733
     0.38000000   0.0046206840
     0.39000000   0.0036504344
     0.40000000   0.0028691128
     0.41000000   0.0022434150
     0.42000000   0.0017451187
     0.43000000   0.0013504804
     0.44000000   0.0010396675
     0.45000000  0.00079623016
     0.46000000  0.00060661902
     0.47000000  0.00045975048
     0.48000000  0.00034661935
     0.49000000  0.00025995833
     0.50000000  0.00019394163
     0.51000000  0.00014392986
     0.52000000  0.00010625262
     0.53000000 7.8025007E-005
     0.54000000 5.6994116E-005
     0.55000000 4.1411888E-005
     0.56000000 2.9930622E-005
     0.57000000 2.1517864E-005
     0.58000000 1.5387654E-005
     0.59000000 1.0945428E-005
     0.60000000 7.7442164E-006
     0.61000000 5.4500948E-006
     0.62000000 3.8151359E-006
     0.63000000 2.6563968E-006
     0.64000000 1.8397152E-006
     0.65000000 1.2673038E-006
     0.66000000 8.6832281E-007
     0.67000000 5.9176597E-007
     0.68000000 4.0112993E-007
     0.69000000 2.7044848E-007
     0.70000000 1.8136211E-007
     0.71000000 1.2096767E-007
     0.72000000 8.0251113E-008
     0.73000000 5.2952951E-008
     0.74000000 3.4752415E-008
     0.75000000 2.2684749E-008
     0.76000000 1.4727722E-008
     0.77000000 9.5101725E-009
     0.78000000 6.1078862E-009
     0.79000000 3.9015922E-009
     0.80000000 2.4787907E-009
     0.81000000 1.5663313E-009
     0.82000000 9.8440056E-010
     0.83000000 6.1532343E-010
     0.84000000 3.8254019E-010
     0.85000000 2.3653302E-010
     0.86000000 1.4546081E-010
     0.87000000 8.8969193E-011
     0.88000000 5.4121416E-011
     0.89000000 3.2744418E-011
     0.90000000 1.9703142E-011
     0.91000000 1.1791235E-011
     0.92000000 7.0177336E-012
     0.93000000 4.1533305E-012
     0.94000000 2.4434760E-012
     0.95000000 1.4273305E-012
     0.96000000 8.2515245E-013
     0.97000000 4.6686613E-013
     0.98000000 2.4922425E-013
     0.99000000 1.0796398E-013
      1.0000000     0.00000000
