     0.00000000      1.0000000
    0.010000000     0.92034433
    0.020000000     0.84148058
    0.030000000     0.76417716
    0.040000000     0.68915652
    0.050000000     0.61707508
    0.060000000     0.54850624
    0.070000000     0.48392730
    0.080000000     0.42371080
    0.090000000     0.36812025
     0.10000000     0.31731051
     0.11000000     0.27133212
     0.12000000     0.23013934
     0.13000000     0.19360097
     0.14000000     0.16151332
     0.15000000     0.13361440
     0.16000000     0.10959858
     0.17000000    0.089130926
     0.18000000    0.071860638
     0.19000000    0.057433120
     0.20000000    0.045500264
     0.21000000    0.035728841
     0.22000000    0.027806895
     0.23000000    0.021448220
     0.24000000    0.016395072
     0.25000000    0.012419331
     0.26000000   0.0093223760
     0.27000000   0.0069339476
     0.28000000   0.0051102607
     0.29000000   0.0037316266
     0.30000000   0.0026997961
     0.31000000   0.0019352064
     0.32000000   0.0013742759
     0.33000000  0.00096684828
     0.34000000  0.00067385853
     0.35000000  0.00046525816
     0.36000000  0.00031821718
     0.37000000  0.00021559947
     0.38000000  0.00014469609
     0.39000000 9.6192688E-005
     0.40000000 6.3342484E-005
     0.41000000 4.1315014E-005
     0.42000000 2.6691498E-005
     0.43000000 1.7079811E-005
     0.44000000 1.0825088E-005
     0.45000000 6.7953462E-006
     0.46000000 4.2249094E-006
     0.47000000 2.6016149E-006
     0.48000000 1.5866563E-006
     0.49000000 9.5836655E-007
     0.50000000 5.7330314E-007
     0.51000000 3.3965348E-007
     0.52000000 1.9928853E-007
     0.53000000 1.1580268E-007
     0.54000000 6.6640897E-008
     0.55000000 3.7979125E-008
     0.56000000 2.1435180E-008
     0.57000000 1.1980743E-008
     0.58000000 6.6314919E-009
     0.59000000 3.6350158E-009
     0.60000000 1.9731750E-009
     0.61000000 1.0606846E-009
     0.62000000 5.6463173E-010
     0.63000000 2.9764552E-010
     0.64000000 1.5537710E-010
     0.65000000 8.0320028E-011
     0.66000000 4.1115833E-011
     0.67000000 2.0841717E-011
     0.68000000 1.0462187E-011
     0.69000000 5.2001181E-012
     0.70000000 2.5595082E-012
     0.71000000 1.2474466E-012
     0.72000000 6.0212946E-013
     0.73000000 2.8771430E-013
     0.74000000 1.3633539E-013
     0.75000000 6.3782313E-014
     0.76000000 2.9393155E-014
     0.77000000 1.3655743E-014
     0.78000000 6.0507155E-015
     0.79000000 2.7200464E-015
     0.80000000 1.0824674E-015
     0.81000000 4.9960036E-016
     0.82000000 1.1102230E-016
     0.83000000 1.1102230E-016
     0.84000000-5.5511151E-017
     0.85000000     0.00000000
     0.86000000-1.3877788E-016
     0.87000000-2.7755576E-017
     0.88000000-2.0816682E-016
     0.89000000 1.3877788E-017
     0.90000000-6.9388939E-017
     0.91000000-1.3877788E-016
     0.92000000-5.5511151E-017
     0.93000000-8.3266727E-017
     0.94000000 6.2450045E-017
     0.95000000 6.9388939E-018
     0.96000000 3.4694470E-017
     0.97000000-9.0205621E-017
     0.98000000-8.6736174E-017
     0.99000000-6.0715322E-017
      1.0000000     0.00000000
