     0.00000000      1.0000000
    0.010000000     0.96240129
    0.020000000     0.92488602
    0.030000000     0.88753708
    0.040000000     0.85043627
    0.050000000     0.81366372
    0.060000000     0.77729741
    0.070000000     0.74141268
    0.080000000     0.70608174
    0.090000000     0.67137324
     0.10000000     0.63735189
     0.11000000     0.60407809
     0.12000000     0.57160764
     0.13000000     0.53999148
     0.14000000     0.50927544
     0.15000000     0.47950012
     0.16000000     0.45070078
     0.17000000     0.42290724
     0.18000000     0.39614391
     0.19000000     0.37042979
     0.20000000     0.34577859
     0.21000000     0.32219881
     0.22000000     0.29969394
     0.23000000     0.27826266
     0.24000000     0.25789904
     0.25000000     0.23859283
     0.26000000     0.22032975
     0.27000000     0.20309179
     0.28000000     0.18685750
     0.29000000     0.17160239
     0.30000000     0.15729921
     0.31000000     0.14391831
     0.32000000     0.13142802
     0.33000000     0.11979493
     0.34000000     0.10898426
     0.35000000    0.098960154
     0.36000000    0.089686022
     0.37000000    0.081124792
     0.38000000    0.073239203
     0.39000000    0.065992055
     0.40000000    0.059346439
     0.41000000    0.053265951
     0.42000000    0.047714880
     0.43000000    0.042658379
     0.44000000    0.038062607
     0.45000000    0.033894854
     0.46000000    0.030123644
     0.47000000    0.026718823
     0.48000000    0.023651617
     0.49000000    0.020894679
     0.50000000    0.018422125
     0.51000000    0.016209541
     0.52000000    0.014233988
     0.53000000    0.012473986
     0.54000000    0.010909498
     0.55000000   0.0095218912
     0.56000000   0.0082938981
     0.57000000   0.0072095707
     0.58000000   0.0062542264
     0.59000000   0.0054143902
     0.60000000   0.0046777349
     0.61000000   0.0040330180
     0.62000000   0.0034700173
     0.63000000   0.0029794666
     0.64000000   0.0025529912
     0.65000000   0.0021830445
     0.66000000   0.0018628460
     0.67000000   0.0015863209
     0.68000000   0.0013480423
     0.69000000   0.0011431759
     0.70000000  0.00096742756
     0.71000000  0.00081699314
     0.72000000  0.00068851230
     0.73000000  0.00057902471
     0.74000000  0.00048592959
     0.75000000  0.00040694821
     0.76000000  0.00034008941
     0.77000000  0.00028361793
     0.78000000  0.00023602555
     0.79000000  0.00019600485
     0.80000000  0.00016242543
     0.81000000  0.00013431247
     0.82000000  0.00011082751
     0.83000000 9.1251161E-005
     0.84000000 7.4967755E-005
     0.85000000 6.1451674E-005
     0.86000000 5.0255228E-005
     0.87000000 4.0997959E-005
     0.88000000 3.3357211E-005
     0.89000000 2.7059849E-005
     0.90000000 2.1875003E-005
     0.91000000 1.7607707E-005
     0.92000000 1.4093351E-005
     0.93000000 1.1192826E-005
     0.94000000 8.7882746E-006
     0.95000000 6.7793699E-006
     0.96000000 5.0800305E-006
     0.97000000 3.6155073E-006
     0.98000000 2.3197687E-006
     0.99000000 1.1331209E-006
      1.0000000     0.00000000
