     0.00000000      1.0000000
    0.010000000     0.89727896
    0.020000000     0.79625341
    0.030000000     0.69853536
    0.040000000     0.60557662
    0.050000000     0.51860502
    0.060000000     0.43857803
    0.070000000     0.36615656
    0.080000000     0.30169958
    0.090000000     0.24527812
     0.10000000     0.19670560
     0.11000000     0.15558035
     0.12000000     0.12133525
     0.13000000    0.093289956
     0.14000000    0.070701145
     0.15000000    0.052807511
     0.16000000    0.038867104
     0.17000000    0.028185802
     0.18000000    0.020136752
     0.19000000    0.014171388
     0.20000000   0.0098232745
     0.21000000   0.0067062756
     0.22000000   0.0045086984
     0.23000000   0.0029849144
     0.24000000   0.0019457737
     0.25000000   0.0012488310
     0.26000000  0.00078911299
     0.27000000  0.00049087864
     0.28000000  0.00030059761
     0.29000000  0.00018119740
     0.30000000  0.00010751118
     0.31000000 6.2787319E-005
     0.32000000 3.6090232E-005
     0.33000000 2.0416943E-005
     0.34000000 1.1367370E-005
     0.35000000 6.2284988E-006
     0.36000000 3.3585183E-006
     0.37000000 1.7821351E-006
     0.38000000 9.3057303E-007
     0.39000000 4.7815239E-007
     0.40000000 2.4175639E-007
     0.41000000 1.2027509E-007
     0.42000000 5.8877643E-008
     0.43000000 2.8359172E-008
     0.44000000 1.3439929E-008
     0.45000000 6.2669047E-009
     0.46000000 2.8751105E-009
     0.47000000 1.2977605E-009
     0.48000000 5.7632410E-010
     0.49000000 2.5180502E-010
     0.50000000 1.0823881E-010
     0.51000000 4.5773552E-011
     0.52000000 1.9043822E-011
     0.53000000 7.7947093E-012
     0.54000000 3.1386560E-012
     0.55000000 1.2433388E-012
     0.56000000 4.8461235E-013
     0.57000000 1.8568480E-013
     0.58000000 7.0055073E-014
     0.59000000 2.6090241E-014
     0.60000000 9.4924069E-015
     0.61000000 3.2751579E-015
     0.62000000 1.2767565E-015
     0.63000000 5.5511151E-017
     0.64000000 5.5511151E-017
     0.65000000 1.6653345E-016
     0.66000000 2.2204460E-016
     0.67000000-1.1102230E-016
     0.68000000 2.2204460E-016
     0.69000000-1.6653345E-016
     0.70000000-1.6653345E-016
     0.71000000-1.1102230E-016
     0.72000000 5.5511151E-017
     0.73000000-1.1102230E-016
     0.74000000 2.7755576E-016
     0.75000000 2.7755576E-017
     0.76000000-1.9428903E-016
     0.77000000 2.7755576E-017
     0.78000000-1.6653345E-016
     0.79000000-2.7755576E-017
     0.80000000-1.3877788E-016
     0.81000000 2.7755576E-017
     0.82000000-2.2204460E-016
     0.83000000 5.5511151E-017
     0.84000000-8.3266727E-017
     0.85000000 2.7755576E-017
     0.86000000-8.3266727E-017
     0.87000000 2.7755576E-017
     0.88000000-2.2204460E-016
     0.89000000 8.3266727E-017
     0.90000000-8.3266727E-017
     0.91000000-1.6653345E-016
     0.92000000     0.00000000
     0.93000000-1.1102230E-016
     0.94000000 9.0205621E-017
     0.95000000 3.4694470E-017
     0.96000000 6.9388939E-017
     0.97000000-1.3530843E-016
     0.98000000-7.9797280E-017
     0.99000000-1.2663481E-016
      1.0000000     0.00000000
