     0.00000000      1.0000000
    0.010000000     0.96359436
    0.020000000     0.92726447
    0.030000000     0.89108562
    0.040000000     0.85513214
    0.050000000     0.81947698
    0.060000000     0.78419123
    0.070000000     0.74934373
    0.080000000     0.71500065
    0.090000000     0.68122512
     0.10000000     0.64807687
     0.11000000     0.61561194
     0.12000000     0.58388242
     0.13000000     0.55293617
     0.14000000     0.52281665
     0.15000000     0.49356279
     0.16000000     0.46520882
     0.17000000     0.43778424
     0.18000000     0.41131379
     0.19000000     0.38581744
     0.20000000     0.36131043
     0.21000000     0.33780340
     0.22000000     0.31530245
     0.23000000     0.29380935
     0.24000000     0.27332168
     0.25000000     0.25383303
     0.26000000     0.23533327
     0.27000000     0.21780875
     0.28000000     0.20124262
     0.29000000     0.18561504
     0.30000000     0.17090352
     0.31000000     0.15708317
     0.32000000     0.14412703
     0.33000000     0.13200634
     0.34000000     0.12069080
     0.35000000     0.11014892
     0.36000000     0.10034825
     0.37000000    0.091255613
     0.38000000    0.082837425
     0.39000000    0.075059873
     0.40000000    0.067889155
     0.41000000    0.061291680
     0.42000000    0.055234254
     0.43000000    0.049684241
     0.44000000    0.044609718
     0.45000000    0.039979603
     0.46000000    0.035763767
     0.47000000    0.031933129
     0.48000000    0.028459737
     0.49000000    0.025316827
     0.50000000    0.022478873
     0.51000000    0.019921617
     0.52000000    0.017622091
     0.53000000    0.015558622
     0.54000000    0.013710830
     0.55000000    0.012059616
     0.56000000    0.010587137
     0.57000000   0.0092767787
     0.58000000   0.0081131172
     0.59000000   0.0070818801
     0.60000000   0.0061698992
     0.61000000   0.0053650613
     0.62000000   0.0046562569
     0.63000000   0.0040333262
     0.64000000   0.0034870044
     0.65000000   0.0030088669
     0.66000000   0.0025912748
     0.67000000   0.0022273201
     0.68000000   0.0019107734
     0.69000000   0.0016360323
     0.70000000   0.0013980717
     0.71000000   0.0011923964
     0.72000000   0.0010149958
     0.73000000  0.00086230120
     0.74000000  0.00073114508
     0.75000000  0.00061872341
     0.76000000  0.00052256024
     0.77000000  0.00044047488
     0.78000000  0.00037055152
     0.79000000  0.00031111126
     0.80000000  0.00026068643
     0.81000000  0.00021799719
     0.82000000  0.00018193015
     0.83000000  0.00015151904
     0.84000000  0.00012592721
     0.85000000  0.00010443183
     0.86000000 8.6409811E-005
     0.87000000 7.1325048E-005
     0.88000000 5.8717145E-005
     0.89000000 4.8191310E-005
     0.90000000 3.9409381E-005
     0.91000000 3.2081860E-005
     0.92000000 2.5960833E-005
     0.93000000 2.0833695E-005
     0.94000000 1.6517563E-005
     0.95000000 1.2854301E-005
     0.96000000 9.7060533E-006
     0.97000000 6.9512253E-006
     0.98000000 4.4808093E-006
     0.99000000 2.1949974E-006
      1.0000000     0.00000000
