     0.00000000      1.0000000
    0.010000000     0.96108266
    0.020000000     0.92225786
    0.030000000     0.88361746
    0.040000000     0.84525202
    0.050000000     0.80725017
    0.060000000     0.76969794
    0.070000000     0.73267826
    0.080000000     0.69627034
    0.090000000     0.66054921
     0.10000000     0.62558523
     0.11000000     0.59144374
     0.12000000     0.55818465
     0.13000000     0.52586219
     0.14000000     0.49452467
     0.15000000     0.46421431
     0.16000000     0.43496716
     0.17000000     0.40681302
     0.18000000     0.37977547
     0.19000000     0.35387198
     0.20000000     0.32911399
     0.21000000     0.30550709
     0.22000000     0.28305129
     0.23000000     0.26174125
     0.24000000     0.24156659
     0.25000000     0.22251223
     0.26000000     0.20455875
     0.27000000     0.18768277
     0.28000000     0.17185734
     0.29000000     0.15705234
     0.30000000     0.14323491
     0.31000000     0.13036983
     0.32000000     0.11841994
     0.33000000     0.10734654
     0.34000000    0.097109722
     0.35000000    0.087668795
     0.36000000    0.078982579
     0.37000000    0.071009745
     0.38000000    0.063709102
     0.39000000    0.057039874
     0.40000000    0.050961937
     0.41000000    0.045436037
     0.42000000    0.040423979
     0.43000000    0.035888792
     0.44000000    0.031794861
     0.45000000    0.028108040
     0.46000000    0.024795740
     0.47000000    0.021826990
     0.48000000    0.019172485
     0.49000000    0.016804604
     0.50000000    0.014697422
     0.51000000    0.012826694
     0.52000000    0.011169835
     0.53000000   0.0097058853
     0.54000000   0.0084154587
     0.55000000   0.0072806922
     0.56000000   0.0062851816
     0.57000000   0.0054139143
     0.58000000   0.0046531972
     0.59000000   0.0039905825
     0.60000000   0.0034147912
     0.61000000   0.0029156362
     0.62000000   0.0024839465
     0.63000000   0.0021114910
     0.64000000   0.0017909061
     0.65000000   0.0015156239
     0.66000000   0.0012798047
     0.67000000   0.0010782716
     0.68000000  0.00090644918
     0.69000000  0.00076030568
     0.70000000  0.00063629892
     0.71000000  0.00053132596
     0.72000000  0.00044267656
     0.73000000  0.00036799036
     0.74000000  0.00030521758
     0.75000000  0.00025258328
     0.76000000  0.00020855486
     0.77000000  0.00017181273
     0.78000000  0.00014122388
     0.79000000  0.00011581823
     0.80000000 9.4767493E-005
     0.81000000 7.7366412E-005
     0.82000000 6.3016124E-005
     0.83000000 5.1209487E-005
     0.84000000 4.1518185E-005
     0.85000000 3.3581429E-005
     0.86000000 2.7096091E-005
     0.87000000 2.1808122E-005
     0.88000000 1.7505105E-005
     0.89000000 1.4009818E-005
     0.90000000 1.1174670E-005
     0.91000000 8.8769267E-006
     0.92000000 7.0145901E-006
     0.93000000 5.5028705E-006
     0.94000000 4.2711494E-006
     0.95000000 3.2603661E-006
     0.96000000 2.4207562E-006
     0.97000000 1.7098823E-006
     0.98000000 1.0908992E-006
     0.99000000 5.3100057E-007
      1.0000000     0.00000000
