     0.00000000      1.0000000
    0.010000000     0.94498440
    0.020000000     0.89023005
    0.030000000     0.83599450
    0.040000000     0.78252792
    0.050000000     0.73006973
    0.060000000     0.67884530
    0.070000000     0.62906315
    0.080000000     0.58091242
    0.090000000     0.53456080
     0.10000000     0.49015296
     0.11000000     0.44780942
     0.12000000     0.40762595
     0.13000000     0.36967344
     0.14000000     0.33399826
     0.15000000     0.30062299
     0.16000000     0.26954764
     0.17000000     0.24075112
     0.18000000     0.21419303
     0.19000000     0.18981568
     0.20000000     0.16754628
     0.21000000     0.14729914
     0.22000000     0.12897804
     0.23000000     0.11247850
     0.24000000    0.097689959
     0.25000000    0.084497940
     0.26000000    0.072785966
     0.27000000    0.062437366
     0.28000000    0.053336853
     0.29000000    0.045371905
     0.30000000    0.038433930
     0.31000000    0.032419212
     0.32000000    0.027229652
     0.33000000    0.022773310
     0.34000000    0.018964762
     0.35000000    0.015725300
     0.36000000    0.012982973
     0.37000000    0.010672514
     0.38000000   0.0087351553
     0.39000000   0.0071183616
     0.40000000   0.0057754981
     0.41000000   0.0046654497
     0.42000000   0.0037522101
     0.43000000   0.0030044535
     0.44000000   0.0023951011
     0.45000000   0.0019008933
     0.46000000   0.0015019755
     0.47000000   0.0011815036
     0.48000000  0.00092527404
     0.49000000  0.00072138153
     0.50000000  0.00055990625
     0.51000000  0.00043263110
     0.52000000  0.00033278896
     0.53000000  0.00025483882
     0.54000000  0.00019426950
     0.55000000  0.00014742903
     0.56000000  0.00011137760
     0.57000000 8.3761864E-005
     0.58000000 6.2708410E-005
     0.59000000 4.6734072E-005
     0.60000000 3.4671077E-005
     0.61000000 2.5604984E-005
     0.62000000 1.8823606E-005
     0.63000000 1.3775267E-005
     0.64000000 1.0034921E-005
     0.65000000 7.2768353E-006
     0.66000000 5.2527139E-006
     0.67000000 3.7742932E-006
     0.68000000 2.6995806E-006
     0.69000000 1.9220468E-006
     0.70000000 1.3621872E-006
     0.71000000 9.6097736E-007
     0.72000000 6.7482533E-007
     0.73000000 4.7170432E-007
     0.74000000 3.2820641E-007
     0.75000000 2.2731154E-007
     0.76000000 1.5670819E-007
     0.77000000 1.0753660E-007
     0.78000000 7.3453738E-008
     0.79000000 4.9941688E-008
     0.80000000 3.3798931E-008
     0.81000000 2.2768368E-008
     0.82000000 1.5266828E-008
     0.83000000 1.0189492E-008
     0.84000000 6.7692715E-009
     0.85000000 4.4762656E-009
     0.86000000 2.9462736E-009
     0.87000000 1.9302442E-009
     0.88000000 1.2587267E-009
     0.89000000 8.1701010E-010
     0.90000000 5.2782831E-010
     0.91000000 3.3939848E-010
     0.92000000 2.1718723E-010
     0.93000000 1.3827660E-010
     0.94000000 8.7527603E-011
     0.95000000 5.4979826E-011
     0.96000000 3.4097822E-011
     0.97000000 2.0589086E-011
     0.98000000 1.1608794E-011
     0.99000000 5.2173786E-012
      1.0000000     0.00000000
