     0.00000000      1.0000000
    0.010000000     0.97411775
    0.020000000     0.94826272
    0.030000000     0.92246207
    0.040000000     0.89674275
    0.050000000     0.87113149
    0.060000000     0.84565466
    0.070000000     0.82033822
    0.080000000     0.79520761
    0.090000000     0.77028773
     0.10000000     0.74560279
     0.11000000     0.72117631
     0.12000000     0.69703100
     0.13000000     0.67318875
     0.14000000     0.64967050
     0.15000000     0.62649627
     0.16000000     0.60368505
     0.17000000     0.58125476
     0.18000000     0.55922225
     0.19000000     0.53760323
     0.20000000     0.51641226
     0.21000000     0.49566272
     0.22000000     0.47536678
     0.23000000     0.45553540
     0.24000000     0.43617835
     0.25000000     0.41730415
     0.26000000     0.39892012
     0.27000000     0.38103237
     0.28000000     0.36364580
     0.29000000     0.34676415
     0.30000000     0.33039001
     0.31000000     0.31452483
     0.32000000     0.29916895
     0.33000000     0.28432165
     0.34000000     0.26998121
     0.35000000     0.25614488
     0.36000000     0.24280899
     0.37000000     0.22996895
     0.38000000     0.21761935
     0.39000000     0.20575393
     0.40000000     0.19436570
     0.41000000     0.18344698
     0.42000000     0.17298941
     0.43000000     0.16298406
     0.44000000     0.15342144
     0.45000000     0.14429156
     0.46000000     0.13558402
     0.47000000     0.12728800
     0.48000000     0.11939237
     0.49000000     0.11188571
     0.50000000     0.10475635
     0.51000000    0.097992454
     0.52000000    0.091582018
     0.53000000    0.085512957
     0.54000000    0.079773125
     0.55000000    0.074350359
     0.56000000    0.069232519
     0.57000000    0.064407521
     0.58000000    0.059863373
     0.59000000    0.055588205
     0.60000000    0.051570297
     0.61000000    0.047798108
     0.62000000    0.044260298
     0.63000000    0.040945750
     0.64000000    0.037843590
     0.65000000    0.034943204
     0.66000000    0.032234251
     0.67000000    0.029706681
     0.68000000    0.027350738
     0.69000000    0.025156975
     0.70000000    0.023116257
     0.71000000    0.021219767
     0.72000000    0.019459009
     0.73000000    0.017825810
     0.74000000    0.016312317
     0.75000000    0.014910998
     0.76000000    0.013614638
     0.77000000    0.012416333
     0.78000000    0.011309488
     0.79000000    0.010287806
     0.80000000   0.0093452817
     0.81000000   0.0084761952
     0.82000000   0.0076750988
     0.83000000   0.0069368091
     0.84000000   0.0062563948
     0.85000000   0.0056291659
     0.86000000   0.0050506612
     0.87000000   0.0045166356
     0.88000000   0.0040230476
     0.89000000   0.0035660453
     0.90000000   0.0031419533
     0.91000000   0.0027472582
     0.92000000   0.0023785950
     0.93000000   0.0020327323
     0.94000000   0.0017065580
     0.95000000   0.0013970646
     0.96000000   0.0011013342
     0.97000000  0.00081652428
     0.98000000  0.00053985198
     0.99000000  0.00026857974
      1.0000000     0.00000000
