     0.00000000      1.0000000
    0.010000000     0.97310841
    0.020000000     0.94624736
    0.030000000     0.91944728
    0.040000000     0.89273840
    0.050000000     0.86615064
    0.060000000     0.83971350
    0.070000000     0.81345599
    0.080000000     0.78740649
    0.090000000     0.76159271
     0.10000000     0.73604157
     0.11000000     0.71077911
     0.12000000     0.68583043
     0.13000000     0.66121963
     0.14000000     0.63696968
     0.15000000     0.61310245
     0.16000000     0.58963855
     0.17000000     0.56659738
     0.18000000     0.54399700
     0.19000000     0.52185417
     0.20000000     0.50018426
     0.21000000     0.47900124
     0.22000000     0.45831769
     0.23000000     0.43814478
     0.24000000     0.41849223
     0.25000000     0.39936837
     0.26000000     0.38078011
     0.27000000     0.36273296
     0.28000000     0.34523107
     0.29000000     0.32827724
     0.30000000     0.31187295
     0.31000000     0.29601843
     0.32000000     0.28071265
     0.33000000     0.26595339
     0.34000000     0.25173730
     0.35000000     0.23805995
     0.36000000     0.22491585
     0.37000000     0.21229857
     0.38000000     0.20020074
     0.39000000     0.18861414
     0.40000000     0.17752978
     0.41000000     0.16693793
     0.42000000     0.15682820
     0.43000000     0.14718959
     0.44000000     0.13801059
     0.45000000     0.12927921
     0.46000000     0.12098305
     0.47000000     0.11310937
     0.48000000     0.10564513
     0.49000000    0.098577079
     0.50000000    0.091891784
     0.51000000    0.085575695
     0.52000000    0.079615195
     0.53000000    0.073996647
     0.54000000    0.068706442
     0.55000000    0.063731042
     0.56000000    0.059057021
     0.57000000    0.054671099
     0.58000000    0.050560181
     0.59000000    0.046711387
     0.60000000    0.043112081
     0.61000000    0.039749895
     0.62000000    0.036612754
     0.63000000    0.033688894
     0.64000000    0.030966882
     0.65000000    0.028435629
     0.66000000    0.026084400
     0.67000000    0.023902829
     0.68000000    0.021880920
     0.69000000    0.020009055
     0.70000000    0.018277999
     0.71000000    0.016678897
     0.72000000    0.015203273
     0.73000000    0.013843031
     0.74000000    0.012590448
     0.75000000    0.011438170
     0.76000000    0.010379200
     0.77000000   0.0094068986
     0.78000000   0.0085149655
     0.79000000   0.0076974352
     0.80000000   0.0069486633
     0.81000000   0.0062633152
     0.82000000   0.0056363534
     0.83000000   0.0050630243
     0.84000000   0.0045388449
     0.85000000   0.0040595885
     0.86000000   0.0036212701
     0.87000000   0.0032201325
     0.88000000   0.0028526307
     0.89000000   0.0025154177
     0.90000000   0.0022053285
     0.91000000   0.0019193658
     0.92000000   0.0016546841
     0.93000000   0.0014085748
     0.94000000   0.0011784509
     0.95000000  0.00096183169
     0.96000000  0.00075632740
     0.97000000  0.00055962415
     0.98000000  0.00036946867
     0.99000000  0.00018365313
      1.0000000     0.00000000
