     0.00000000      1.0000000
    0.010000000     0.97197096
    0.020000000     0.94397650
    0.030000000     0.91605107
    0.040000000     0.88822887
    0.050000000     0.86054370
    0.060000000     0.83302889
    0.070000000     0.80571712
    0.080000000     0.77864034
    0.090000000     0.75182963
     0.10000000     0.72531515
     0.11000000     0.69912596
     0.12000000     0.67328998
     0.13000000     0.64783390
     0.14000000     0.62278307
     0.15000000     0.59816145
     0.16000000     0.57399155
     0.17000000     0.55029435
     0.18000000     0.52708926
     0.19000000     0.50439410
     0.20000000     0.48222504
     0.21000000     0.46059662
     0.22000000     0.43952167
     0.23000000     0.41901136
     0.24000000     0.39907520
     0.25000000     0.37972101
     0.26000000     0.36095499
     0.27000000     0.34278171
     0.28000000     0.32520416
     0.29000000     0.30822379
     0.30000000     0.29184054
     0.31000000     0.27605292
     0.32000000     0.26085804
     0.33000000     0.24625170
     0.34000000     0.23222840
     0.35000000     0.21878150
     0.36000000     0.20590320
     0.37000000     0.19358469
     0.38000000     0.18181615
     0.39000000     0.17058692
     0.40000000     0.15988549
     0.41000000     0.14969963
     0.42000000     0.14001647
     0.43000000     0.13082256
     0.44000000     0.12210394
     0.45000000     0.11384625
     0.46000000     0.10603475
     0.47000000    0.098654468
     0.48000000    0.091690189
     0.49000000    0.085126574
     0.50000000    0.078948202
     0.51000000    0.073139635
     0.52000000    0.067685474
     0.53000000    0.062570412
     0.54000000    0.057779281
     0.55000000    0.053297101
     0.56000000    0.049109119
     0.57000000    0.045200848
     0.58000000    0.041558102
     0.59000000    0.038167022
     0.60000000    0.035014112
     0.61000000    0.032086250
     0.62000000    0.029370718
     0.63000000    0.026855214
     0.64000000    0.024527864
     0.65000000    0.022377235
     0.66000000    0.020392342
     0.67000000    0.018562649
     0.68000000    0.016878076
     0.69000000    0.015328995
     0.70000000    0.013906229
     0.71000000    0.012601048
     0.72000000    0.011405159
     0.73000000    0.010310706
     0.74000000   0.0093102496
     0.75000000   0.0083967660
     0.76000000   0.0075636293
     0.77000000   0.0068046006
     0.78000000   0.0061138140
     0.79000000   0.0054857619
     0.80000000   0.0049152803
     0.81000000   0.0043975327
     0.82000000   0.0039279947
     0.83000000   0.0035024377
     0.84000000   0.0031169122
     0.85000000   0.0027677319
     0.86000000   0.0024514568
     0.87000000   0.0021648770
     0.88000000   0.0019049960
     0.89000000   0.0016690149
     0.90000000   0.0014543158
     0.91000000   0.0012584460
     0.92000000   0.0010791022
     0.93000000  0.00091411497
     0.94000000  0.00076143323
     0.95000000  0.00061910896
     0.96000000  0.00048528220
     0.97000000  0.00035816611
     0.98000000  0.00023603214
     0.99000000  0.00011719539
      1.0000000     0.00000000
