     0.00000000      1.0000000
    0.010000000     0.95853863
    0.020000000     0.91718915
    0.030000000     0.87606252
    0.040000000     0.83526793
    0.050000000     0.79491189
    0.060000000     0.75509741
    0.070000000     0.71592322
    0.080000000     0.67748304
    0.090000000     0.63986489
     0.10000000     0.60315053
     0.11000000     0.56741495
     0.12000000     0.53272591
     0.13000000     0.49914362
     0.14000000     0.46672051
     0.15000000     0.43550103
     0.16000000     0.40552162
     0.17000000     0.37681071
     0.18000000     0.34938882
     0.19000000     0.32326875
     0.20000000     0.29845584
     0.21000000     0.27494827
     0.22000000     0.25273748
     0.23000000     0.23180855
     0.24000000     0.21214073
     0.25000000     0.19370789
     0.26000000     0.17647910
     0.27000000     0.16041918
     0.28000000     0.14548921
     0.29000000     0.13164715
     0.30000000     0.11884835
     0.31000000     0.10704612
     0.32000000    0.096192235
     0.33000000    0.086237420
     0.34000000    0.077131841
     0.35000000    0.068825526
     0.36000000    0.061268764
     0.37000000    0.054412468
     0.38000000    0.048208495
     0.39000000    0.042609930
     0.40000000    0.037571328
     0.41000000    0.033048919
     0.42000000    0.029000772
     0.43000000    0.025386932
     0.44000000    0.022169508
     0.45000000    0.019312746
     0.46000000    0.016783061
     0.47000000    0.014549051
     0.48000000    0.012581480
     0.49000000    0.010853247
     0.50000000   0.0093393352
     0.51000000   0.0080167451
     0.52000000   0.0068644160
     0.53000000   0.0058631388
     0.54000000   0.0049954609
     0.55000000   0.0042455852
     0.56000000   0.0035992667
     0.57000000   0.0030437076
     0.58000000   0.0025674515
     0.59000000   0.0021602801
     0.60000000   0.0018131115
     0.61000000   0.0015179021
     0.62000000   0.0012675527
     0.63000000   0.0010558194
     0.64000000  0.00087722895
     0.65000000  0.00072699985
     0.66000000  0.00060096919
     0.67000000  0.00049552444
     0.68000000  0.00040754117
     0.69000000  0.00033432587
     0.70000000  0.00027356416
     0.71000000  0.00022327380
     0.72000000  0.00018176254
     0.73000000  0.00014759029
     0.74000000  0.00011953544
     0.75000000 9.6565035E-005
     0.76000000 7.7808345E-005
     0.77000000 6.2533726E-005
     0.78000000 5.0128305E-005
     0.79000000 4.0080303E-005
     0.80000000 3.1963674E-005
     0.81000000 2.5424843E-005
     0.82000000 2.0171274E-005
     0.83000000 1.5961670E-005
     0.84000000 1.2597603E-005
     0.85000000 9.9163857E-006
     0.86000000 7.7850311E-006
     0.87000000 6.0951456E-006
     0.88000000 4.7586322E-006
     0.89000000 3.7040828E-006
     0.90000000 2.8737624E-006
     0.91000000 2.2210922E-006
     0.92000000 1.7085558E-006
     0.93000000 1.3059606E-006
     0.94000000 9.8899356E-007
     0.95000000 7.3802202E-007
     0.96000000 5.3709438E-007
     0.97000000 3.7310161E-007
     0.98000000 2.3506610E-007
     0.99000000 1.1352769E-007
      1.0000000     0.00000000
