     0.00000000      1.0000000
    0.010000000     0.96502166
    0.020000000     0.93011051
    0.030000000     0.89533335
    0.040000000     0.86075622
    0.050000000     0.82644401
    0.060000000     0.79246009
    0.070000000     0.75886597
    0.080000000     0.72572099
    0.090000000     0.69308194
     0.10000000     0.66100285
     0.11000000     0.62953467
     0.12000000     0.59872507
     0.13000000     0.56861821
     0.14000000     0.53925457
     0.15000000     0.51067082
     0.16000000     0.48289970
     0.17000000     0.45596992
     0.18000000     0.42990618
     0.19000000     0.40472906
     0.20000000     0.38045513
     0.21000000     0.35709694
     0.22000000     0.33466312
     0.23000000     0.31315848
     0.24000000     0.29258414
     0.25000000     0.27293766
     0.26000000     0.25421322
     0.27000000     0.23640185
     0.28000000     0.21949156
     0.29000000     0.20346760
     0.30000000     0.18831269
     0.31000000     0.17400723
     0.32000000     0.16052954
     0.33000000     0.14785611
     0.34000000     0.13596185
     0.35000000     0.12482030
     0.36000000     0.11440387
     0.37000000     0.10468407
     0.38000000    0.095631733
     0.39000000    0.087217225
     0.40000000    0.079410626
     0.41000000    0.072181930
     0.42000000    0.065501214
     0.43000000    0.059338799
     0.44000000    0.053665392
     0.45000000    0.048452223
     0.46000000    0.043671157
     0.47000000    0.039294803
     0.48000000    0.035296597
     0.49000000    0.031650880
     0.50000000    0.028332963
     0.51000000    0.025319171
     0.52000000    0.022586888
     0.53000000    0.020114576
     0.54000000    0.017881797
     0.55000000    0.015869217
     0.56000000    0.014058605
     0.57000000    0.012432821
     0.58000000    0.010975802
     0.59000000   0.0096725386
     0.60000000   0.0085090436
     0.61000000   0.0074723230
     0.62000000   0.0065503381
     0.63000000   0.0057319657
     0.64000000   0.0050069573
     0.65000000   0.0043658952
     0.66000000   0.0038001482
     0.67000000   0.0033018269
     0.68000000   0.0028637385
     0.69000000   0.0024793421
     0.70000000   0.0021427049
     0.71000000   0.0018484591
     0.72000000   0.0015917600
     0.73000000   0.0013682461
     0.74000000   0.0011740005
     0.75000000   0.0010055139
     0.76000000  0.00085965001
     0.77000000  0.00073361223
     0.78000000  0.00062491305
     0.79000000  0.00053134489
     0.80000000  0.00045095312
     0.81000000  0.00038201103
     0.82000000  0.00032299658
     0.83000000  0.00027257112
     0.84000000  0.00022955969
     0.85000000  0.00019293309
     0.86000000  0.00016179149
     0.87000000  0.00013534947
     0.88000000  0.00011292248
     0.89000000 9.3914558E-005
     0.90000000 7.7807180E-005
     0.91000000 6.4149219E-005
     0.92000000 5.2547848E-005
     0.93000000 4.2660315E-005
     0.94000000 3.4186491E-005
     0.95000000 2.6862097E-005
     0.96000000 2.0452510E-005
     0.97000000 1.4747078E-005
     0.98000000 9.5538347E-006
     0.99000000 4.6945462E-006
      1.0000000     0.00000000
