     0.00000000      1.0000000
    0.010000000     0.97451685
    0.020000000     0.94905968
    0.030000000     0.92365441
    0.040000000     0.89832679
    0.050000000     0.87310232
    0.060000000     0.84800621
    0.070000000     0.82306327
    0.080000000     0.79829785
    0.090000000     0.77373375
     0.10000000     0.74939418
     0.11000000     0.72530170
     0.12000000     0.70147811
     0.13000000     0.67794443
     0.14000000     0.65472084
     0.15000000     0.63182664
     0.16000000     0.60928016
     0.17000000     0.58709876
     0.18000000     0.56529879
     0.19000000     0.54389554
     0.20000000     0.52290323
     0.21000000     0.50233494
     0.22000000     0.48220268
     0.23000000     0.46251730
     0.24000000     0.44328850
     0.25000000     0.42452486
     0.26000000     0.40623378
     0.27000000     0.38842155
     0.28000000     0.37109333
     0.29000000     0.35425315
     0.30000000     0.33790396
     0.31000000     0.32204763
     0.32000000     0.30668499
     0.33000000     0.29181583
     0.34000000     0.27743899
     0.35000000     0.26355234
     0.36000000     0.25015285
     0.37000000     0.23723660
     0.38000000     0.22479887
     0.39000000     0.21283414
     0.40000000     0.20133616
     0.41000000     0.19029799
     0.42000000     0.17971205
     0.43000000     0.16957015
     0.44000000     0.15986357
     0.45000000     0.15058311
     0.46000000     0.14171909
     0.47000000     0.13326147
     0.48000000     0.12519983
     0.49000000     0.11752346
     0.50000000     0.11022139
     0.51000000     0.10328245
     0.52000000    0.096695297
     0.53000000    0.090448453
     0.54000000    0.084530365
     0.55000000    0.078929432
     0.56000000    0.073634043
     0.57000000    0.068632612
     0.58000000    0.063913609
     0.59000000    0.059465595
     0.60000000    0.055277249
     0.61000000    0.051337389
     0.62000000    0.047635005
     0.63000000    0.044159274
     0.64000000    0.040899585
     0.65000000    0.037845552
     0.66000000    0.034987032
     0.67000000    0.032314142
     0.68000000    0.029817261
     0.69000000    0.027487053
     0.70000000    0.025314461
     0.71000000    0.023290724
     0.72000000    0.021407375
     0.73000000    0.019656245
     0.74000000    0.018029467
     0.75000000    0.016519471
     0.76000000    0.015118984
     0.77000000    0.013821029
     0.78000000    0.012618918
     0.79000000    0.011506246
     0.80000000    0.010476889
     0.81000000   0.0095249904
     0.82000000   0.0086449575
     0.83000000   0.0078314501
     0.84000000   0.0070793707
     0.85000000   0.0063838546
     0.86000000   0.0057402583
     0.87000000   0.0051441477
     0.88000000   0.0045912861
     0.89000000   0.0040776218
     0.90000000   0.0035992745
     0.91000000   0.0031525226
     0.92000000   0.0027337891
     0.93000000   0.0023396282
     0.94000000   0.0019667107
     0.95000000   0.0016118103
     0.96000000   0.0012717888
     0.97000000  0.00094358169
     0.98000000  0.00062418360
     0.99000000  0.00031063351
      1.0000000     0.00000000
