     0.00000000      1.0000000
    0.010000000     0.95610007
    0.020000000     0.91233294
    0.030000000     0.86883020
    0.040000000     0.82572104
    0.050000000     0.78313113
    0.060000000     0.74118151
    0.070000000     0.69998752
    0.080000000     0.65965792
    0.090000000     0.62029402
     0.10000000     0.58198890
     0.11000000     0.54482685
     0.12000000     0.50888282
     0.13000000     0.47422204
     0.14000000     0.44089981
     0.15000000     0.40896134
     0.16000000     0.37844177
     0.17000000     0.34936628
     0.18000000     0.32175034
     0.19000000     0.29560001
     0.20000000     0.27091243
     0.21000000     0.24767627
     0.22000000     0.22587236
     0.23000000     0.20547430
     0.24000000     0.18644918
     0.25000000     0.16875827
     0.26000000     0.15235775
     0.27000000     0.13719950
     0.28000000     0.12323180
     0.29000000     0.11040008
     0.30000000    0.098647610
     0.31000000    0.087916173
     0.32000000    0.078146707
     0.33000000    0.069279883
     0.34000000    0.061256647
     0.35000000    0.054018700
     0.36000000    0.047508933
     0.37000000    0.041671796
     0.38000000    0.036453622
     0.39000000    0.031802889
     0.40000000    0.027670428
     0.41000000    0.024009592
     0.42000000    0.020776366
     0.43000000    0.017929440
     0.44000000    0.015430242
     0.45000000    0.013242938
     0.46000000    0.011334393
     0.47000000   0.0096741202
     0.48000000   0.0082341913
     0.49000000   0.0069891409
     0.50000000   0.0059158511
     0.51000000   0.0049934253
     0.52000000   0.0042030558
     0.53000000   0.0035278858
     0.54000000   0.0029528692
     0.55000000   0.0024646307
     0.56000000   0.0020513284
     0.57000000   0.0017025192
     0.58000000   0.0014090298
     0.59000000   0.0011628337
     0.60000000  0.00095693476
     0.61000000  0.00078525803
     0.62000000  0.00064254849
     0.63000000  0.00052427732
     0.64000000  0.00042655607
     0.65000000  0.00034605837
     0.66000000  0.00027994912
     0.67000000  0.00022582071
     0.68000000  0.00018163595
     0.69000000  0.00014567723
     0.70000000  0.00011650162
     0.71000000 9.2901173E-005
     0.72000000 7.3868286E-005
     0.73000000 5.8565397E-005
     0.74000000 4.6298733E-005
     0.75000000 3.6495623E-005
     0.76000000 2.8685003E-005
     0.77000000 2.2480721E-005
     0.78000000 1.7567323E-005
     0.79000000 1.3687991E-005
     0.80000000 1.0634361E-005
     0.81000000 8.2379521E-006
     0.82000000 6.3629967E-006
     0.83000000 4.9004576E-006
     0.84000000 3.7630599E-006
     0.85000000 2.8811808E-006
     0.86000000 2.1994645E-006
     0.87000000 1.6740431E-006
     0.88000000 1.2702656E-006
     0.89000000 9.6084787E-007
     0.90000000 7.2437192E-007
     0.91000000 5.4407195E-007
     0.92000000 4.0685586E-007
     0.93000000 3.0251850E-007
     0.94000000 2.2311019E-007
     0.95000000 1.6243011E-007
     0.96000000 1.1561911E-007
     0.97000000 7.8830927E-008
     0.98000000 4.8963688E-008
     0.99000000 2.3436792E-008
      1.0000000     0.00000000
