     0.00000000      1.0000000
    0.010000000     0.97438587
    0.020000000     0.94879813
    0.030000000     0.92326310
    0.040000000     0.89780690
    0.050000000     0.87245546
    0.060000000     0.84723434
    0.070000000     0.82216874
    0.080000000     0.79728336
    0.090000000     0.77260236
     0.10000000     0.74814927
     0.11000000     0.72394697
     0.12000000     0.70001755
     0.13000000     0.67638231
     0.14000000     0.65306170
     0.15000000     0.63007522
     0.16000000     0.60744144
     0.17000000     0.58517791
     0.18000000     0.56330113
     0.19000000     0.54182654
     0.20000000     0.52076845
     0.21000000     0.50014007
     0.22000000     0.47995344
     0.23000000     0.46021947
     0.24000000     0.44094786
     0.25000000     0.42214719
     0.26000000     0.40382485
     0.27000000     0.38598705
     0.28000000     0.36863888
     0.29000000     0.35178427
     0.30000000     0.33542607
     0.31000000     0.31956600
     0.32000000     0.30420475
     0.33000000     0.28934194
     0.34000000     0.27497623
     0.35000000     0.26110529
     0.36000000     0.24772588
     0.37000000     0.23483387
     0.38000000     0.22242432
     0.39000000     0.21049147
     0.40000000     0.19902882
     0.41000000     0.18802921
     0.42000000     0.17748478
     0.43000000     0.16738713
     0.44000000     0.15772727
     0.45000000     0.14849575
     0.46000000     0.13968265
     0.47000000     0.13127768
     0.48000000     0.12327019
     0.49000000     0.11564924
     0.50000000     0.10840363
     0.51000000     0.10152196
     0.52000000    0.094992680
     0.53000000    0.088804114
     0.54000000    0.082944512
     0.55000000    0.077402087
     0.56000000    0.072165053
     0.57000000    0.067221660
     0.58000000    0.062560225
     0.59000000    0.058169166
     0.60000000    0.054037028
     0.61000000    0.050152510
     0.62000000    0.046504492
     0.63000000    0.043082052
     0.64000000    0.039874490
     0.65000000    0.036871342
     0.66000000    0.034062399
     0.67000000    0.031437719
     0.68000000    0.028987636
     0.69000000    0.026702773
     0.70000000    0.024574047
     0.71000000    0.022592675
     0.72000000    0.020750178
     0.73000000    0.019038385
     0.74000000    0.017449429
     0.75000000    0.015975751
     0.76000000    0.014610096
     0.77000000    0.013345509
     0.78000000    0.012175330
     0.79000000    0.011093189
     0.80000000    0.010092998
     0.81000000   0.0091689457
     0.82000000   0.0083154848
     0.83000000   0.0075273256
     0.84000000   0.0067994246
     0.85000000   0.0061269737
     0.86000000   0.0055053886
     0.87000000   0.0049302970
     0.88000000   0.0043975260
     0.89000000   0.0039030893
     0.90000000   0.0034431739
     0.91000000   0.0030141266
     0.92000000   0.0026124403
     0.93000000   0.0022347399
     0.94000000   0.0018777678
     0.95000000   0.0015383702
     0.96000000   0.0012134816
     0.97000000  0.00090011106
     0.98000000  0.00059532697
     0.99000000  0.00029624234
      1.0000000     0.00000000
