     0.00000000      1.0000000
    0.010000000     0.96629326
    0.020000000     0.93264664
    0.030000000     0.89911996
    0.040000000     0.86577237
    0.050000000     0.83266211
    0.060000000     0.79984611
    0.070000000     0.76737978
    0.080000000     0.73531669
    0.090000000     0.70370833
     0.10000000     0.67260382
     0.11000000     0.64204974
     0.12000000     0.61208988
     0.13000000     0.58276510
     0.14000000     0.55411313
     0.15000000     0.52616848
     0.16000000     0.49896230
     0.17000000     0.47252233
     0.18000000     0.44687282
     0.19000000     0.42203453
     0.20000000     0.39802472
     0.21000000     0.37485714
     0.22000000     0.35254214
     0.23000000     0.33108667
     0.24000000     0.31049443
     0.25000000     0.29076595
     0.26000000     0.27189871
     0.27000000     0.25388730
     0.28000000     0.23672357
     0.29000000     0.22039680
     0.30000000     0.20489389
     0.31000000     0.19019952
     0.32000000     0.17629637
     0.33000000     0.16316531
     0.34000000     0.15078557
     0.35000000     0.13913498
     0.36000000     0.12819017
     0.37000000     0.11792672
     0.38000000     0.10831938
     0.39000000    0.099342248
     0.40000000    0.090968948
     0.41000000    0.083172797
     0.42000000    0.075926963
     0.43000000    0.069204612
     0.44000000    0.062979051
     0.45000000    0.057223851
     0.46000000    0.051912965
     0.47000000    0.047020834
     0.48000000    0.042522478
     0.49000000    0.038393580
     0.50000000    0.034610557
     0.51000000    0.031150618
     0.52000000    0.027991815
     0.53000000    0.025113083
     0.54000000    0.022494271
     0.55000000    0.020116159
     0.56000000    0.017960476
     0.57000000    0.016009905
     0.58000000    0.014248078
     0.59000000    0.012659569
     0.60000000    0.011229883
     0.61000000   0.0099454370
     0.62000000   0.0087935336
     0.63000000   0.0077623385
     0.64000000   0.0068408494
     0.65000000   0.0060188634
     0.66000000   0.0052869440
     0.67000000   0.0046363845
     0.68000000   0.0040591720
     0.69000000   0.0035479501
     0.70000000   0.0030959811
     0.71000000   0.0026971093
     0.72000000   0.0023457236
     0.73000000   0.0020367213
     0.74000000   0.0017654731
     0.75000000   0.0015277886
     0.76000000   0.0013198832
     0.77000000   0.0011383465
     0.78000000  0.00098011253
     0.79000000  0.00084243019
     0.80000000  0.00072283683
     0.81000000  0.00061913235
     0.82000000  0.00052935530
     0.83000000  0.00045176037
     0.84000000  0.00038479759
     0.85000000  0.00032709278
     0.86000000  0.00027742964
     0.87000000  0.00023473306
     0.88000000  0.00019805383
     0.89000000  0.00016655448
     0.90000000  0.00013949629
     0.91000000  0.00011622739
     0.92000000 9.6171801E-005
     0.93000000 7.8819307E-005
     0.94000000 6.3716210E-005
     0.95000000 5.0456716E-005
     0.96000000 3.8674965E-005
     0.97000000 2.8037578E-005
     0.98000000 1.8236639E-005
     0.99000000 8.9830252E-006
      1.0000000     0.00000000
