     0.00000000      1.0000000
    0.010000000     0.96320938
    0.020000000     0.92649693
    0.030000000     0.88994035
    0.040000000     0.85361633
    0.050000000     0.81760008
    0.060000000     0.78196489
    0.070000000     0.74678164
    0.080000000     0.71211842
    0.090000000     0.67804012
     0.10000000     0.64460806
     0.11000000     0.61187968
     0.12000000     0.57990826
     0.13000000     0.54874266
     0.14000000     0.51842712
     0.15000000     0.48900113
     0.16000000     0.46049928
     0.17000000     0.43295120
     0.18000000     0.40638157
     0.19000000     0.38081009
     0.20000000     0.35625156
     0.21000000     0.33271597
     0.22000000     0.31020865
     0.23000000     0.28873040
     0.24000000     0.26827774
     0.25000000     0.24884307
     0.26000000     0.23041498
     0.27000000     0.21297846
     0.28000000     0.19651522
     0.29000000     0.18100395
     0.30000000     0.16642068
     0.31000000     0.15273901
     0.32000000     0.13993049
     0.33000000     0.12796486
     0.34000000     0.11681042
     0.35000000     0.10643427
     0.36000000    0.096802617
     0.37000000    0.087881038
     0.38000000    0.079634747
     0.39000000    0.072028828
     0.40000000    0.065028460
     0.41000000    0.058599122
     0.42000000    0.052706784
     0.43000000    0.047318069
     0.44000000    0.042400403
     0.45000000    0.037922148
     0.46000000    0.033852707
     0.47000000    0.030162617
     0.48000000    0.026823627
     0.49000000    0.023808750
     0.50000000    0.021092311
     0.51000000    0.018649967
     0.52000000    0.016458730
     0.53000000    0.014496958
     0.54000000    0.012744355
     0.55000000    0.011181947
     0.56000000   0.0097920518
     0.57000000   0.0085582500
     0.58000000   0.0074653385
     0.59000000   0.0064992861
     0.60000000   0.0056471821
     0.61000000   0.0048971834
     0.62000000   0.0042384576
     0.63000000   0.0036611266
     0.64000000   0.0031562080
     0.65000000   0.0027155579
     0.66000000   0.0023318130
     0.67000000   0.0019983348
     0.68000000   0.0017091546
     0.69000000   0.0014589210
     0.70000000   0.0012428486
     0.71000000   0.0010566702
     0.72000000  0.00089659083
     0.73000000  0.00075924414
     0.74000000  0.00064165212
     0.75000000  0.00054118717
     0.76000000  0.00045553684
     0.77000000  0.00038267133
     0.78000000  0.00032081350
     0.79000000  0.00026841135
     0.80000000  0.00022411294
     0.81000000  0.00018674353
     0.82000000  0.00015528485
     0.83000000  0.00012885643
     0.84000000  0.00010669873
     0.85000000 8.8158059E-005
     0.86000000 7.2673060E-005
     0.87000000 5.9762669E-005
     0.88000000 4.9015411E-005
     0.89000000 4.0079904E-005
     0.90000000 3.2656446E-005
     0.91000000 2.6489589E-005
     0.92000000 2.1361574E-005
     0.93000000 1.7086531E-005
     0.94000000 1.3505354E-005
     0.95000000 1.0481152E-005
     0.96000000 7.8951963E-006
     0.97000000 5.6432789E-006
     0.98000000 3.6324143E-006
     0.99000000 1.7778042E-006
      1.0000000     0.00000000
