     0.00000000      1.0000000
    0.010000000     0.95961480
    0.020000000     0.91933301
    0.030000000     0.87925721
    0.040000000     0.83948844
    0.050000000     0.80012538
    0.060000000     0.76126365
    0.070000000     0.72299509
    0.080000000     0.68540713
    0.090000000     0.64858219
     0.10000000     0.61259715
     0.11000000     0.57752288
     0.12000000     0.54342386
     0.13000000     0.51035785
     0.14000000     0.47837564
     0.15000000     0.44752091
     0.16000000     0.41783013
     0.17000000     0.38933253
     0.18000000     0.36205019
     0.19000000     0.33599817
     0.20000000     0.31118467
     0.21000000     0.28761132
     0.22000000     0.26527348
     0.23000000     0.24416059
     0.24000000     0.22425656
     0.25000000     0.20554022
     0.26000000     0.18798576
     0.27000000     0.17156321
     0.28000000     0.15623891
     0.29000000     0.14197603
     0.30000000     0.12873505
     0.31000000     0.11647421
     0.32000000     0.10515003
     0.33000000    0.094717736
     0.34000000    0.085131685
     0.35000000    0.076345785
     0.36000000    0.068313863
     0.37000000    0.060990016
     0.38000000    0.054328918
     0.39000000    0.048286108
     0.40000000    0.042818230
     0.41000000    0.037883251
     0.42000000    0.033440639
     0.43000000    0.029451508
     0.44000000    0.025878741
     0.45000000    0.022687072
     0.46000000    0.019843150
     0.47000000    0.017315574
     0.48000000    0.015074907
     0.49000000    0.013093667
     0.50000000    0.011346303
     0.51000000   0.0098091516
     0.52000000   0.0084603863
     0.53000000   0.0072799493
     0.54000000   0.0062494779
     0.55000000   0.0053522233
     0.56000000   0.0045729638
     0.57000000   0.0038979149
     0.58000000   0.0033146378
     0.59000000   0.0028119465
     0.60000000   0.0023798165
     0.61000000   0.0020092943
     0.62000000   0.0016924101
     0.63000000   0.0014220930
     0.64000000   0.0011920901
     0.65000000  0.00099689009
     0.66000000  0.00083165100
     0.67000000  0.00069213228
     0.68000000  0.00057463201
     0.69000000  0.00047592866
     0.70000000  0.00039322749
     0.71000000  0.00032411158
     0.72000000  0.00026649717
     0.73000000  0.00021859326
     0.74000000  0.00017886519
     0.75000000  0.00014600191
     0.76000000  0.00011888681
     0.77000000 9.6571733E-005
     0.78000000 7.8253938E-005
     0.79000000 6.3255858E-005
     0.80000000 5.1007251E-005
     0.81000000 4.1029615E-005
     0.82000000 3.2922609E-005
     0.83000000 2.6352254E-005
     0.84000000 2.1040735E-005
     0.85000000 1.6757617E-005
     0.86000000 1.3312301E-005
     0.87000000 1.0547565E-005
     0.88000000 8.3340633E-006
     0.89000000 6.5656486E-006
     0.90000000 5.1554053E-006
     0.91000000 4.0322979E-006
     0.92000000 3.1383434E-006
     0.93000000 2.4262283E-006
     0.94000000 1.8573014E-006
     0.95000000 1.3998810E-006
     0.96000000 1.0278212E-006
     0.97000000 7.1929003E-007
     0.98000000 4.5571556E-007
     0.99000000 2.2086204E-007
      1.0000000     0.00000000
