     0.00000000      1.0000000
    0.010000000     0.97179640
    0.020000000     0.94362802
    0.030000000     0.91552997
    0.040000000     0.88753708
    0.050000000     0.85968380
    0.060000000     0.83200403
    0.070000000     0.80453106
    0.080000000     0.77729741
    0.090000000     0.75033471
     0.10000000     0.72367361
     0.11000000     0.69734366
     0.12000000     0.67137324
     0.13000000     0.64578943
     0.14000000     0.62061795
     0.15000000     0.59588309
     0.16000000     0.57160764
     0.17000000     0.54781284
     0.18000000     0.52451828
     0.19000000     0.50174195
     0.20000000     0.47950012
     0.21000000     0.45780739
     0.22000000     0.43667663
     0.23000000     0.41611899
     0.24000000     0.39614391
     0.25000000     0.37675912
     0.26000000     0.35797067
     0.27000000     0.33978297
     0.28000000     0.32219880
     0.29000000     0.30521937
     0.30000000     0.28884436
     0.31000000     0.27307198
     0.32000000     0.25789903
     0.33000000     0.24332096
     0.34000000     0.22933194
     0.35000000     0.21592493
     0.36000000     0.20309178
     0.37000000     0.19082326
     0.38000000     0.17910918
     0.39000000     0.16793846
     0.40000000     0.15729919
     0.41000000     0.14717875
     0.42000000     0.13756387
     0.43000000     0.12844070
     0.44000000     0.11979490
     0.45000000     0.11161173
     0.46000000     0.10387611
     0.47000000    0.096572690
     0.48000000    0.089685945
     0.49000000    0.083200208
     0.50000000    0.077099758
     0.51000000    0.071368873
     0.52000000    0.065991888
     0.53000000    0.060953248
     0.54000000    0.056237559
     0.55000000    0.051829632
     0.56000000    0.047714524
     0.57000000    0.043877579
     0.58000000    0.040304459
     0.59000000    0.036981174
     0.60000000    0.033894110
     0.61000000    0.031030052
     0.62000000    0.028376201
     0.63000000    0.025920189
     0.64000000    0.023650095
     0.65000000    0.021554451
     0.66000000    0.019622252
     0.67000000    0.017842955
     0.68000000    0.016206484
     0.69000000    0.014703224
     0.70000000    0.013324026
     0.71000000    0.012060192
     0.72000000    0.010903473
     0.73000000   0.0098460596
     0.74000000   0.0088805717
     0.75000000   0.0080000456
     0.76000000   0.0071979221
     0.77000000   0.0064680331
     0.78000000   0.0058045866
     0.79000000   0.0052021521
     0.80000000   0.0046556445
     0.81000000   0.0041603083
     0.82000000   0.0037117009
     0.83000000   0.0033056765
     0.84000000   0.0029383688
     0.85000000   0.0026061745
     0.86000000   0.0023057367
     0.87000000   0.0020339277
     0.88000000   0.0017878331
     0.89000000   0.0015647347
     0.90000000   0.0013620947
     0.91000000   0.0011775395
     0.92000000   0.0010088439
     0.93000000  0.00085391547
     0.94000000  0.00071077928
     0.95000000  0.00057756248
     0.96000000  0.00045247948
     0.97000000  0.00033381707
     0.98000000  0.00021991977
     0.99000000  0.00010917527
      1.0000000     0.00000000
