     0.00000000      1.0000000
    0.010000000     0.96770342
    0.020000000     0.93545974
    0.030000000     0.90332159
    0.040000000     0.87134108
    0.050000000     0.83956957
    0.060000000     0.80805738
    0.070000000     0.77685358
    0.080000000     0.74600577
    0.090000000     0.71555982
     0.10000000     0.68555972
     0.11000000     0.65604734
     0.12000000     0.62706232
     0.13000000     0.59864184
     0.14000000     0.57082056
     0.15000000     0.54363044
     0.16000000     0.51710069
     0.17000000     0.49125766
     0.18000000     0.46612481
     0.19000000     0.44172265
     0.20000000     0.41806874
     0.21000000     0.39517769
     0.22000000     0.37306118
     0.23000000     0.35172799
     0.24000000     0.33118409
     0.25000000     0.31143268
     0.26000000     0.29247428
     0.27000000     0.27430685
     0.28000000     0.25692592
     0.29000000     0.24032467
     0.30000000     0.22449408
     0.31000000     0.20942311
     0.32000000     0.19509881
     0.33000000     0.18150648
     0.34000000     0.16862984
     0.35000000     0.15645119
     0.36000000     0.14495155
     0.37000000     0.13411085
     0.38000000     0.12390808
     0.39000000     0.11432141
     0.40000000     0.10532841
     0.41000000    0.096906109
     0.42000000    0.089031223
     0.43000000    0.081680229
     0.44000000    0.074829511
     0.45000000    0.068455480
     0.46000000    0.062534679
     0.47000000    0.057043888
     0.48000000    0.051960218
     0.49000000    0.047261189
     0.50000000    0.042924813
     0.51000000    0.038929656
     0.52000000    0.035254896
     0.53000000    0.031880375
     0.54000000    0.028786636
     0.55000000    0.025954962
     0.56000000    0.023367400
     0.57000000    0.021006776
     0.58000000    0.018856715
     0.59000000    0.016901642
     0.60000000    0.015126785
     0.61000000    0.013518170
     0.62000000    0.012062614
     0.63000000    0.010747710
     0.64000000   0.0095618108
     0.65000000   0.0084940116
     0.66000000   0.0075341245
     0.67000000   0.0066726560
     0.68000000   0.0059007800
     0.69000000   0.0052103097
     0.70000000   0.0045936691
     0.71000000   0.0040438630
     0.72000000   0.0035544472
     0.73000000   0.0031194978
     0.74000000   0.0027335812
     0.75000000   0.0023917245
     0.76000000   0.0020893856
     0.77000000   0.0018224249
     0.78000000   0.0015870772
     0.79000000   0.0013799247
     0.80000000   0.0011978710
     0.81000000   0.0010381164
     0.82000000  0.00089813375
     0.83000000  0.00077564619
     0.84000000  0.00066860554
     0.85000000  0.00057517207
     0.86000000  0.00049369541
     0.87000000  0.00042269661
     0.88000000  0.00036085129
     0.89000000  0.00030697383
     0.90000000  0.00026000266
     0.91000000  0.00021898638
     0.92000000  0.00018307084
     0.93000000  0.00015148704
     0.94000000  0.00012353974
     0.95000000 9.8596768E-005
     0.96000000 7.6078888E-005
     0.97000000 5.5450208E-005
     0.98000000 3.6208990E-005
     0.99000000 1.7878815E-005
      1.0000000     0.00000000
