     0.00000000      1.0000000
    0.010000000     0.95234564
    0.020000000     0.90486113
    0.030000000     0.85771448
    0.040000000     0.81107013
    0.050000000     0.76508719
    0.060000000     0.71991785
    0.070000000     0.67570585
    0.080000000     0.63258512
    0.090000000     0.59067863
     0.10000000     0.55009732
     0.11000000     0.51093935
     0.12000000     0.47328947
     0.13000000     0.43721860
     0.14000000     0.40278369
     0.15000000     0.37002771
     0.16000000     0.33897984
     0.17000000     0.30965590
     0.18000000     0.28205888
     0.19000000     0.25617963
     0.20000000     0.23199772
     0.21000000     0.20948238
     0.22000000     0.18859344
     0.23000000     0.16928251
     0.24000000     0.15149399
     0.25000000     0.13516627
     0.26000000     0.12023280
     0.27000000     0.10662320
     0.28000000    0.094264307
     0.29000000    0.083081187
     0.30000000    0.072998045
     0.31000000    0.063939089
     0.32000000    0.055829295
     0.33000000    0.048595087
     0.34000000    0.042164931
     0.35000000    0.036469830
     0.36000000    0.031443735
     0.37000000    0.027023864
     0.38000000    0.023150952
     0.39000000    0.019769406
     0.40000000    0.016827409
     0.41000000    0.014276949
     0.42000000    0.012073797
     0.43000000    0.010177442
     0.44000000   0.0085509792
     0.45000000   0.0071609682
     0.46000000   0.0059772681
     0.47000000   0.0049728500
     0.48000000   0.0041235976
     0.49000000   0.0034080996
     0.50000000   0.0028074385
     0.51000000   0.0023049802
     0.52000000   0.0018861675
     0.53000000   0.0015383197
     0.54000000   0.0012504421
     0.55000000   0.0010130447
     0.56000000  0.00081797332
     0.57000000  0.00065825289
     0.58000000  0.00052794317
     0.59000000  0.00042200742
     0.60000000  0.00033619350
     0.61000000  0.00026692716
     0.62000000  0.00021121676
     0.63000000  0.00016656900
     0.64000000  0.00013091466
     0.65000000  0.00010254366
     0.66000000 8.0048641E-005
     0.67000000 6.2276192E-005
     0.68000000 4.8284903E-005
     0.69000000 3.7309574E-005
     0.70000000 2.8730768E-005
     0.71000000 2.2049092E-005
     0.72000000 1.6863557E-005
     0.73000000 1.2853496E-005
     0.74000000 9.7635002E-006
     0.75000000 7.3909568E-006
     0.76000000 5.5757760E-006
     0.77000000 4.1919707E-006
     0.78000000 3.1407848E-006
     0.79000000 2.3451139E-006
     0.80000000 1.7449955E-006
     0.81000000 1.2939817E-006
     0.82000000 9.5623396E-007
     0.83000000 7.0420828E-007
     0.84000000 5.1681784E-007
     0.85000000 3.7798210E-007
     0.86000000 2.7548581E-007
     0.87000000 2.0008575E-007
     0.88000000 1.4481444E-007
     0.89000000 1.0443987E-007
     0.90000000 7.5047934E-008
     0.91000000 5.3721136E-008
     0.92000000 3.8292289E-008
     0.93000000 2.7156475E-008
     0.94000000 1.9127887E-008
     0.95000000 1.3331121E-008
     0.96000000 9.1186618E-009
     0.97000000 6.0081020E-009
     0.98000000 3.6339895E-009
     0.99000000 1.7102640E-009
      1.0000000     0.00000000
