     0.00000000      1.0000000
    0.010000000     0.94853252
    0.020000000     0.89727896
    0.030000000     0.84645060
    0.040000000     0.79625341
    0.050000000     0.74688563
    0.060000000     0.69853536
    0.070000000     0.65137845
    0.080000000     0.60557662
    0.090000000     0.56127584
     0.10000000     0.51860502
     0.11000000     0.47767502
     0.12000000     0.43857803
     0.13000000     0.40138717
     0.14000000     0.36615656
     0.15000000     0.33292161
     0.16000000     0.30169958
     0.17000000     0.27249048
     0.18000000     0.24527812
     0.19000000     0.22003136
     0.20000000     0.19670560
     0.21000000     0.17524425
     0.22000000     0.15558035
     0.23000000     0.13763826
     0.24000000     0.12133525
     0.25000000     0.10658317
     0.26000000    0.093289956
     0.27000000    0.081361129
     0.28000000    0.070701145
     0.29000000    0.061214635
     0.30000000    0.052807511
     0.31000000    0.045387929
     0.32000000    0.038867104
     0.33000000    0.033159987
     0.34000000    0.028185802
     0.35000000    0.023868442
     0.36000000    0.020136752
     0.37000000    0.016924688
     0.38000000    0.014171388
     0.39000000    0.011821138
     0.40000000   0.0098232745
     0.41000000   0.0081320219
     0.42000000   0.0067062756
     0.43000000   0.0055093502
     0.44000000   0.0045086984
     0.45000000   0.0036756121
     0.46000000   0.0029849144
     0.47000000   0.0024146489
     0.48000000   0.0019457737
     0.49000000   0.0015618645
     0.50000000   0.0012488310
     0.51000000  0.00099464934
     0.52000000  0.00078911299
     0.53000000  0.00062360303
     0.54000000  0.00049087864
     0.55000000  0.00038488780
     0.56000000  0.00030059761
     0.57000000  0.00023384368
     0.58000000  0.00018119740
     0.59000000  0.00013984987
     0.60000000  0.00010751118
     0.61000000 8.2323590E-005
     0.62000000 6.2787319E-005
     0.63000000 4.7697368E-005
     0.64000000 3.6090232E-005
     0.65000000 2.7199176E-005
     0.66000000 2.0416943E-005
     0.67000000 1.5264856E-005
     0.68000000 1.1367370E-005
     0.69000000 8.4312266E-006
     0.70000000 6.2284988E-006
     0.71000000 4.5828562E-006
     0.72000000 3.3585183E-006
     0.73000000 2.4514122E-006
     0.74000000 1.7821351E-006
     0.75000000 1.2903845E-006
     0.76000000 9.3057303E-007
     0.77000000 6.6839516E-007
     0.78000000 4.7815238E-007
     0.79000000 3.4068129E-007
     0.80000000 2.4175638E-007
     0.81000000 1.7086539E-007
     0.82000000 1.2027506E-007
     0.83000000 8.4322069E-008
     0.84000000 5.8877573E-008
     0.85000000 4.0944940E-008
     0.86000000 2.8358986E-008
     0.87000000 1.9562261E-008
     0.88000000 1.3439445E-008
     0.89000000 9.1953799E-009
     0.90000000 6.2656610E-009
     0.91000000 4.2514189E-009
     0.92000000 2.8719719E-009
     0.93000000 1.9306082E-009
     0.94000000 1.2899659E-009
     0.95000000 8.5438302E-010
     0.96000000 5.5728002E-010
     0.97000000 3.5213963E-010
     0.98000000 2.0603148E-010
     0.99000000 9.4896214E-011
      1.0000000     0.00000000
