     0.00000000      1.0000000
    0.010000000     0.93264664
    0.020000000     0.86577237
    0.030000000     0.79984611
    0.040000000     0.73531669
    0.050000000     0.67260382
    0.060000000     0.61208988
    0.070000000     0.55411313
    0.080000000     0.49896230
    0.090000000     0.44687282
     0.10000000     0.39802472
     0.11000000     0.35254214
     0.12000000     0.31049443
     0.13000000     0.27189871
     0.14000000     0.23672357
     0.15000000     0.20489389
     0.16000000     0.17629637
     0.17000000     0.15078557
     0.18000000     0.12819017
     0.19000000     0.10831938
     0.20000000    0.090968948
     0.21000000    0.075926963
     0.22000000    0.062979051
     0.23000000    0.051912965
     0.24000000    0.042522478
     0.25000000    0.034610558
     0.26000000    0.027991815
     0.27000000    0.022494271
     0.28000000    0.017960478
     0.29000000    0.014248080
     0.30000000    0.011229887
     0.31000000   0.0087935391
     0.32000000   0.0068408584
     0.33000000   0.0052869589
     0.34000000   0.0040591964
     0.35000000   0.0030960205
     0.36000000   0.0023457870
     0.37000000   0.0017655744
     0.38000000   0.0013200438
     0.39000000  0.00098036556
     0.40000000  0.00072323272
     0.41000000  0.00052997041
     0.42000000  0.00038574676
     0.43000000  0.00027888420
     0.44000000  0.00020026757
     0.45000000  0.00014284232
     0.46000000  0.00010119461
     0.47000000 7.1204416E-005
     0.48000000 4.9762335E-005
     0.49000000 3.4540941E-005
     0.50000000 2.3812377E-005
     0.51000000 1.6304303E-005
     0.52000000 1.1087370E-005
     0.53000000 7.4882064E-006
     0.54000000 5.0228044E-006
     0.55000000 3.3460340E-006
     0.56000000 2.2137401E-006
     0.57000000 1.4545606E-006
     0.58000000 9.4916724E-007
     0.59000000 6.1511507E-007
     0.60000000 3.9588568E-007
     0.61000000 2.5303477E-007
     0.62000000 1.6061456E-007
     0.63000000 1.0124680E-007
     0.64000000 6.3382149E-008
     0.65000000 3.9403918E-008
     0.66000000 2.4327437E-008
     0.67000000 1.4915424E-008
     0.68000000 9.0814457E-009
     0.69000000 5.4910125E-009
     0.70000000 3.2970530E-009
     0.71000000 1.9659551E-009
     0.72000000 1.1641090E-009
     0.73000000 6.8451672E-010
     0.74000000 3.9970882E-010
     0.75000000 2.3177674E-010
     0.76000000 1.3346310E-010
     0.77000000 7.6316398E-011
     0.78000000 4.3334530E-011
     0.79000000 2.4435176E-011
     0.80000000 1.3682000E-011
     0.81000000 7.6076367E-012
     0.82000000 4.2003900E-012
     0.83000000 2.3031022E-012
     0.84000000 1.2538581E-012
     0.85000000 6.7790218E-013
     0.86000000 3.6390335E-013
     0.87000000 1.9398372E-013
     0.88000000 1.0261236E-013
     0.89000000 5.3998472E-014
     0.90000000 2.8088643E-014
     0.91000000 1.4460655E-014
     0.92000000 7.4662498E-015
     0.93000000 3.8025139E-015
     0.94000000 1.9845237E-015
     0.95000000 9.7838404E-016
     0.96000000 5.3429483E-016
     0.97000000 1.7347235E-016
     0.98000000 3.8163916E-017
     0.99000000 3.1225023E-017
      1.0000000     0.00000000
