     0.00000000      1.0000000
    0.010000000     0.96871242
    0.020000000     0.93747292
    0.030000000     0.90632939
    0.040000000     0.87532925
    0.050000000     0.84451927
    0.060000000     0.81394535
    0.070000000     0.78365231
    0.080000000     0.75368372
    0.090000000     0.72408166
     0.10000000     0.69488660
     0.11000000     0.66613720
     0.12000000     0.63787018
     0.13000000     0.61012015
     0.14000000     0.58291955
     0.15000000     0.55629846
     0.16000000     0.53028460
     0.17000000     0.50490318
     0.18000000     0.48017689
     0.19000000     0.45612585
     0.20000000     0.43276758
     0.21000000     0.41011699
     0.22000000     0.38818641
     0.23000000     0.36698557
     0.24000000     0.34652171
     0.25000000     0.32679957
     0.26000000     0.30782147
     0.27000000     0.28958742
     0.28000000     0.27209518
     0.29000000     0.25534036
     0.30000000     0.23931654
     0.31000000     0.22401538
     0.32000000     0.20942676
     0.33000000     0.19553886
     0.34000000     0.18233835
     0.35000000     0.16981050
     0.36000000     0.15793931
     0.37000000     0.14670764
     0.38000000     0.13609738
     0.39000000     0.12608955
     0.40000000     0.11666446
     0.41000000     0.10780182
     0.42000000    0.099480880
     0.43000000    0.091680529
     0.44000000    0.084379442
     0.45000000    0.077556166
     0.46000000    0.071189233
     0.47000000    0.065257255
     0.48000000    0.059739013
     0.49000000    0.054613541
     0.50000000    0.049860200
     0.51000000    0.045458747
     0.52000000    0.041389398
     0.53000000    0.037632875
     0.54000000    0.034170462
     0.55000000    0.030984037
     0.56000000    0.028056108
     0.57000000    0.025369839
     0.58000000    0.022909074
     0.59000000    0.020658345
     0.60000000    0.018602890
     0.61000000    0.016728651
     0.62000000    0.015022277
     0.63000000    0.013471120
     0.64000000    0.012063228
     0.65000000    0.010787330
     0.66000000   0.0096328285
     0.67000000   0.0085897751
     0.68000000   0.0076488571
     0.69000000   0.0068013745
     0.70000000   0.0060392176
     0.71000000   0.0053548439
     0.72000000   0.0047412529
     0.73000000   0.0041919612
     0.74000000   0.0037009767
     0.75000000   0.0032627726
     0.76000000   0.0028722617
     0.77000000   0.0025247704
     0.78000000   0.0022160136
     0.79000000   0.0019420695
     0.80000000   0.0016993556
     0.81000000   0.0014846049
     0.82000000   0.0012948431
     0.83000000   0.0011273667
     0.84000000  0.00097972172
     0.85000000  0.00084968340
     0.86000000  0.00073523713
     0.87000000  0.00063455988
     0.88000000  0.00054600275
     0.89000000  0.00046807438
     0.90000000  0.00039942517
     0.91000000  0.00033883240
     0.92000000  0.00028518605
     0.93000000  0.00023747536
     0.94000000  0.00019477609
     0.95000000  0.00015623834
     0.96000000  0.00012107492
     0.97000000 8.8550168E-005
     0.98000000 5.7969165E-005
     0.99000000 2.8667297E-005
      1.0000000     0.00000000
