     0.00000000      1.0000000
    0.010000000     0.87436706
    0.020000000     0.75182963
    0.030000000     0.63525630
    0.040000000     0.52708926
    0.050000000     0.42919530
    0.060000000     0.34278171
    0.070000000     0.26838163
    0.080000000     0.20590321
    0.090000000     0.15472892
     0.10000000     0.11384630
     0.11000000    0.081990321
     0.12000000    0.057779571
     0.13000000    0.039832619
     0.14000000    0.026856696
     0.15000000    0.017706066
     0.16000000    0.011412036
     0.17000000   0.0071895173
     0.18000000   0.0044265259
     0.19000000   0.0026631193
     0.20000000   0.0015654023
     0.21000000  0.00089891279
     0.22000000  0.00050421823
     0.23000000  0.00027623972
     0.24000000  0.00014780231
     0.25000000 7.7226796E-005
     0.26000000 3.9401583E-005
     0.27000000 1.9628541E-005
     0.28000000 9.5469198E-006
     0.29000000 4.5332938E-006
     0.30000000 2.1014360E-006
     0.31000000 9.5092943E-007
     0.32000000 4.2003940E-007
     0.33000000 1.8110173E-007
     0.34000000 7.6212913E-008
     0.35000000 3.1303414E-008
     0.36000000 1.2548647E-008
     0.37000000 4.9094191E-009
     0.38000000 1.8744686E-009
     0.39000000 6.9843897E-010
     0.40000000 2.5396274E-010
     0.41000000 9.0114027E-011
     0.42000000 3.1202041E-011
     0.43000000 1.0542567E-011
     0.44000000 3.4759973E-012
     0.45000000 1.1178836E-012
     0.46000000 3.5071945E-013
     0.47000000 1.0735857E-013
     0.48000000 3.2196468E-014
     0.49000000 9.2148511E-015
     0.50000000 2.7755576E-015
     0.51000000 6.6613381E-016
     0.52000000 2.7755576E-016
     0.53000000     0.00000000
     0.54000000 1.1102230E-016
     0.55000000 5.5511151E-017
     0.56000000 1.1102230E-016
     0.57000000-5.5511151E-017
     0.58000000-5.5511151E-017
     0.59000000 1.6653345E-016
     0.60000000-1.1102230E-016
     0.61000000 5.5511151E-017
     0.62000000 2.2204460E-016
     0.63000000-3.8857806E-016
     0.64000000 5.5511151E-017
     0.65000000-1.1102230E-016
     0.66000000 1.1102230E-016
     0.67000000-5.5511151E-017
     0.68000000 1.6653345E-016
     0.69000000 1.1102230E-016
     0.70000000-2.7755576E-016
     0.71000000 5.5511151E-017
     0.72000000 1.1102230E-016
     0.73000000-1.6653345E-016
     0.74000000 1.1102230E-016
     0.75000000 5.5511151E-017
     0.76000000-1.9428903E-016
     0.77000000 1.6653345E-016
     0.78000000-2.2204460E-016
     0.79000000-5.5511151E-017
     0.80000000-5.5511151E-017
     0.81000000-5.5511151E-017
     0.82000000-1.9428903E-016
     0.83000000 1.1102230E-016
     0.84000000-1.9428903E-016
     0.85000000-2.7755576E-017
     0.86000000-2.7755576E-017
     0.87000000 8.3266727E-017
     0.88000000-1.9428903E-016
     0.89000000 9.7144515E-017
     0.90000000-1.1102230E-016
     0.91000000-1.9428903E-016
     0.92000000-1.3877788E-017
     0.93000000-1.3877788E-016
     0.94000000 1.1102230E-016
     0.95000000 6.9388939E-017
     0.96000000 5.5511151E-017
     0.97000000-1.9081958E-016
     0.98000000-5.2041704E-017
     0.99000000-2.0122792E-016
      1.0000000     0.00000000
