     0.00000000      1.0000000
    0.010000000     0.96396751
    0.020000000     0.92800846
    0.030000000     0.89219586
    0.040000000     0.85660182
    0.050000000     0.82129711
    0.060000000     0.78635075
    0.070000000     0.75182963
    0.080000000     0.71779809
    0.090000000     0.68431755
     0.10000000     0.65144625
     0.11000000     0.61923888
     0.12000000     0.58774635
     0.13000000     0.55701558
     0.14000000     0.52708926
     0.15000000     0.49800573
     0.16000000     0.46979888
     0.17000000     0.44249805
     0.18000000     0.41612798
     0.19000000     0.39070888
     0.20000000     0.36625640
     0.21000000     0.34278171
     0.22000000     0.32029167
     0.23000000     0.29878888
     0.24000000     0.27827193
     0.25000000     0.25873551
     0.26000000     0.24017068
     0.27000000     0.22256510
     0.28000000     0.20590321
     0.29000000     0.19016659
     0.30000000     0.17533414
     0.31000000     0.16138242
     0.32000000     0.14828588
     0.33000000     0.13601715
     0.34000000     0.12454735
     0.35000000     0.11384630
     0.36000000     0.10388283
     0.37000000    0.094625007
     0.38000000    0.086040396
     0.39000000    0.078096265
     0.40000000    0.070759815
     0.41000000    0.063998372
     0.42000000    0.057779571
     0.43000000    0.052071522
     0.44000000    0.046842955
     0.45000000    0.042063356
     0.46000000    0.037703080
     0.47000000    0.033733446
     0.48000000    0.030126824
     0.49000000    0.026856695
     0.50000000    0.023897711
     0.51000000    0.021225723
     0.52000000    0.018817813
     0.53000000    0.016652307
     0.54000000    0.014708769
     0.55000000    0.012968005
     0.56000000    0.011412036
     0.57000000    0.010024080
     0.58000000   0.0087885190
     0.59000000   0.0076908617
     0.60000000   0.0067177043
     0.61000000   0.0058566844
     0.62000000   0.0050964330
     0.63000000   0.0044265253
     0.64000000   0.0038374284
     0.65000000   0.0033204502
     0.66000000   0.0028676864
     0.67000000   0.0024719692
     0.68000000   0.0021268158
     0.69000000   0.0018263788
     0.70000000   0.0015653980
     0.71000000   0.0013391535
     0.72000000   0.0011434217
     0.73000000  0.00097443220
     0.74000000  0.00082882845
     0.75000000  0.00070362948
     0.76000000  0.00059619467
     0.77000000  0.00050419072
     0.78000000  0.00042556099
     0.79000000  0.00035849715
     0.80000000  0.00030141303
     0.81000000  0.00025292070
     0.82000000  0.00021180855
     0.83000000  0.00017702132
     0.84000000  0.00014764203
     0.85000000  0.00012287560
     0.86000000  0.00010203403
     0.87000000 8.4523164E-005
     0.88000000 6.9830758E-005
     0.89000000 5.7515793E-005
     0.90000000 4.7198965E-005
     0.91000000 3.8554166E-005
     0.92000000 3.1300909E-005
     0.93000000 2.5197554E-005
     0.94000000 2.0035267E-005
     0.95000000 1.5632596E-005
     0.96000000 1.1830597E-005
     0.97000000 8.4884014E-006
     0.98000000 5.4791683E-006
     0.99000000 2.6863195E-006
      1.0000000     0.00000000
