     0.00000000      1.0000000
    0.010000000     0.95737158
    0.020000000     0.91486475
    0.030000000     0.87260006
    0.040000000     0.83069601
    0.050000000     0.78926803
    0.060000000     0.74842752
    0.070000000     0.70828101
    0.080000000     0.66892927
    0.090000000     0.63046658
     0.10000000     0.59298010
     0.11000000     0.55654925
     0.12000000     0.52124531
     0.13000000     0.48713099
     0.14000000     0.45426024
     0.15000000     0.42267807
     0.16000000     0.39242052
     0.17000000     0.36351472
     0.18000000     0.33597905
     0.19000000     0.30982337
     0.20000000     0.28504941
     0.21000000     0.26165109
     0.22000000     0.23961507
     0.23000000     0.21892123
     0.24000000     0.19954324
     0.25000000     0.18144921
     0.26000000     0.16460224
     0.27000000     0.14896112
     0.28000000     0.13448098
     0.29000000     0.12111387
     0.30000000     0.10880943
     0.31000000    0.097515492
     0.32000000    0.087178636
     0.33000000    0.077744742
     0.34000000    0.069159492
     0.35000000    0.061368829
     0.36000000    0.054319378
     0.37000000    0.047958814
     0.38000000    0.042236187
     0.39000000    0.037102201
     0.40000000    0.032509445
     0.41000000    0.028412581
     0.42000000    0.024768490
     0.43000000    0.021536379
     0.44000000    0.018677849
     0.45000000    0.016156931
     0.46000000    0.013940092
     0.47000000    0.011996214
     0.48000000    0.010296549
     0.49000000   0.0088146549
     0.50000000   0.0075263152
     0.51000000   0.0064094439
     0.52000000   0.0054439818
     0.53000000   0.0046117834
     0.54000000   0.0038965004
     0.55000000   0.0032834610
     0.56000000   0.0027595489
     0.57000000   0.0023130835
     0.58000000   0.0019337016
     0.59000000   0.0016122430
     0.60000000   0.0013406411
     0.61000000   0.0011118179
     0.62000000  0.00091958548
     0.63000000  0.00075855324
     0.64000000  0.00062404204
     0.65000000  0.00051200452
     0.66000000  0.00041895203
     0.67000000  0.00034188796
     0.68000000  0.00027824720
     0.69000000  0.00022584154
     0.70000000  0.00018281063
     0.71000000  0.00014757822
     0.72000000  0.00011881328
     0.73000000 9.5395575E-005
     0.74000000 7.6385474E-005
     0.75000000 6.0997405E-005
     0.76000000 4.8576784E-005
     0.77000000 3.8579960E-005
     0.78000000 3.0556891E-005
     0.79000000 2.4136244E-005
     0.80000000 1.9012621E-005
     0.81000000 1.4935663E-005
     0.82000000 1.1700793E-005
     0.83000000 9.1413788E-006
     0.84000000 7.1221267E-006
     0.85000000 5.5335375E-006
     0.86000000 4.2872653E-006
     0.87000000 3.3122522E-006
     0.88000000 2.5515189E-006
     0.89000000 1.9595088E-006
     0.90000000 1.4998996E-006
     0.91000000 1.1438033E-006
     0.92000000 8.6829187E-007
     0.93000000 6.5519078E-007
     0.94000000 4.9009375E-007
     0.95000000 3.6155774E-007
     0.96000000 2.6044358E-007
     0.97000000 1.7937265E-007
     0.98000000 1.1227438E-007
     0.99000000 5.4002383E-008
      1.0000000     0.00000000
