     0.00000000      1.0000000
    0.010000000     0.97247583
    0.020000000     0.94498440
    0.030000000     0.91755835
    0.040000000     0.89023005
    0.050000000     0.86303158
    0.060000000     0.83599450
    0.070000000     0.80914983
    0.080000000     0.78252792
    0.090000000     0.75615833
     0.10000000     0.73006973
     0.11000000     0.70428983
     0.12000000     0.67884530
     0.13000000     0.65376164
     0.14000000     0.62906315
     0.15000000     0.60477285
     0.16000000     0.58091242
     0.17000000     0.55750213
     0.18000000     0.53456080
     0.19000000     0.51210580
     0.20000000     0.49015296
     0.21000000     0.46871658
     0.22000000     0.44780942
     0.23000000     0.42744266
     0.24000000     0.40762595
     0.25000000     0.38836736
     0.26000000     0.36967344
     0.27000000     0.35154922
     0.28000000     0.33399825
     0.29000000     0.31702262
     0.30000000     0.30062298
     0.31000000     0.28479866
     0.32000000     0.26954763
     0.33000000     0.25486661
     0.34000000     0.24075110
     0.35000000     0.22719548
     0.36000000     0.21419301
     0.37000000     0.20173596
     0.38000000     0.18981566
     0.39000000     0.17842254
     0.40000000     0.16754624
     0.41000000     0.15717568
     0.42000000     0.14729909
     0.43000000     0.13790414
     0.44000000     0.12897797
     0.45000000     0.12050728
     0.46000000     0.11247839
     0.47000000     0.10487731
     0.48000000    0.097689803
     0.49000000    0.090901451
     0.50000000    0.084497712
     0.51000000    0.078463981
     0.52000000    0.072785638
     0.53000000    0.067448106
     0.54000000    0.062436895
     0.55000000    0.057737646
     0.56000000    0.053336178
     0.57000000    0.049218519
     0.58000000    0.045370944
     0.59000000    0.041780007
     0.60000000    0.038432568
     0.61000000    0.035315815
     0.62000000    0.032417290
     0.63000000    0.029724904
     0.64000000    0.027226953
     0.65000000    0.024912130
     0.66000000    0.022769535
     0.67000000    0.020788684
     0.68000000    0.018959509
     0.69000000    0.017272364
     0.70000000    0.015718023
     0.71000000    0.014287678
     0.72000000    0.012972938
     0.73000000    0.011765819
     0.74000000    0.010658739
     0.75000000   0.0096445110
     0.76000000   0.0087163317
     0.77000000   0.0078677700
     0.78000000   0.0070927566
     0.79000000   0.0063855708
     0.80000000   0.0057408270
     0.81000000   0.0051534610
     0.82000000   0.0046187156
     0.83000000   0.0041321253
     0.84000000   0.0036895017
     0.85000000   0.0032869176
     0.86000000   0.0029206916
     0.87000000   0.0025873726
     0.88000000   0.0022837235
     0.89000000   0.0020067059
     0.90000000   0.0017534642
     0.91000000   0.0015213099
     0.92000000   0.0013077060
     0.93000000   0.0011102511
     0.94000000  0.00092666477
     0.95000000  0.00075477130
     0.96000000  0.00059248507
     0.97000000  0.00043779519
     0.98000000  0.00028875043
     0.99000000  0.00014344428
      1.0000000     0.00000000
