     0.00000000      1.0000000
    0.010000000     0.97325986
    0.020000000     0.94654974
    0.030000000     0.91989957
    0.040000000     0.89333907
    0.050000000     0.86689767
    0.060000000     0.84060439
    0.070000000     0.81448775
    0.080000000     0.78857569
    0.090000000     0.76289549
     0.10000000     0.73747365
     0.11000000     0.71233581
     0.12000000     0.68750673
     0.13000000     0.66301015
     0.14000000     0.63886875
     0.15000000     0.61510409
     0.16000000     0.59173657
     0.17000000     0.56878534
     0.18000000     0.54626831
     0.19000000     0.52420207
     0.20000000     0.50260186
     0.21000000     0.48148160
     0.22000000     0.46085380
     0.23000000     0.44072960
     0.24000000     0.42111876
     0.25000000     0.40202963
     0.26000000     0.38346920
     0.27000000     0.36544310
     0.28000000     0.34795559
     0.29000000     0.33100964
     0.30000000     0.31460691
     0.31000000     0.29874782
     0.32000000     0.28343156
     0.33000000     0.26865616
     0.34000000     0.25441854
     0.35000000     0.24071451
     0.36000000     0.22753890
     0.37000000     0.21488555
     0.38000000     0.20274740
     0.39000000     0.19111656
     0.40000000     0.17998433
     0.41000000     0.16934129
     0.42000000     0.15917739
     0.43000000     0.14948194
     0.44000000     0.14024374
     0.45000000     0.13145110
     0.46000000     0.12309194
     0.47000000     0.11515380
     0.48000000     0.10762394
     0.49000000     0.10048938
     0.50000000    0.093736951
     0.51000000    0.087353362
     0.52000000    0.081325235
     0.53000000    0.075639164
     0.54000000    0.070281756
     0.55000000    0.065239674
     0.56000000    0.060499678
     0.57000000    0.056048662
     0.58000000    0.051873690
     0.59000000    0.047962025
     0.60000000    0.044301159
     0.61000000    0.040878839
     0.62000000    0.037683093
     0.63000000    0.034702243
     0.64000000    0.031924931
     0.65000000    0.029340128
     0.66000000    0.026937149
     0.67000000    0.024705665
     0.68000000    0.022635707
     0.69000000    0.020717672
     0.70000000    0.018942332
     0.71000000    0.017300827
     0.72000000    0.015784670
     0.73000000    0.014385746
     0.74000000    0.013096304
     0.75000000    0.011908956
     0.76000000    0.010816666
     0.77000000   0.0098127475
     0.78000000   0.0088908515
     0.79000000   0.0080449572
     0.80000000   0.0072693619
     0.81000000   0.0065586691
     0.82000000   0.0059077766
     0.83000000   0.0053118639
     0.84000000   0.0047663785
     0.85000000   0.0042670226
     0.86000000   0.0038097391
     0.87000000   0.0033906971
     0.88000000   0.0030062774
     0.89000000   0.0026530576
     0.90000000   0.0023277975
     0.91000000   0.0020274238
     0.92000000   0.0017490150
     0.93000000   0.0014897863
     0.94000000   0.0012470746
     0.95000000   0.0010183229
     0.96000000  0.00080106547
     0.97000000  0.00059291242
     0.98000000  0.00039153455
     0.99000000  0.00019464819
      1.0000000     0.00000000
