     0.00000000      1.0000000
    0.010000000     0.97143725
    0.020000000     0.94291110
    0.030000000     0.91445799
    0.040000000     0.88611409
    0.050000000     0.85791515
    0.060000000     0.82989638
    0.070000000     0.80209229
    0.080000000     0.77453659
    0.090000000     0.74726203
     0.10000000     0.72030033
     0.11000000     0.69368206
     0.12000000     0.66743649
     0.13000000     0.64159157
     0.14000000     0.61617379
     0.15000000     0.59120810
     0.16000000     0.56671789
     0.17000000     0.54272487
     0.18000000     0.51924906
     0.19000000     0.49630874
     0.20000000     0.47392042
     0.21000000     0.45209880
     0.22000000     0.43085678
     0.23000000     0.41020547
     0.24000000     0.39015415
     0.25000000     0.37071033
     0.26000000     0.35187977
     0.27000000     0.33366648
     0.28000000     0.31607281
     0.29000000     0.29909943
     0.30000000     0.28274546
     0.31000000     0.26700848
     0.32000000     0.25188462
     0.33000000     0.23736860
     0.34000000     0.22345385
     0.35000000     0.21013255
     0.36000000     0.19739573
     0.37000000     0.18523334
     0.38000000     0.17363435
     0.39000000     0.16258684
     0.40000000     0.15207807
     0.41000000     0.14209457
     0.42000000     0.13262224
     0.43000000     0.12364641
     0.44000000     0.11515196
     0.45000000     0.10712337
     0.46000000    0.099544813
     0.47000000    0.092400226
     0.48000000    0.085673387
     0.49000000    0.079347983
     0.50000000    0.073407677
     0.51000000    0.067836170
     0.52000000    0.062617258
     0.53000000    0.057734889
     0.54000000    0.053173211
     0.55000000    0.048916618
     0.56000000    0.044949792
     0.57000000    0.041257740
     0.58000000    0.037825828
     0.59000000    0.034639810
     0.60000000    0.031685852
     0.61000000    0.028950555
     0.62000000    0.026420971
     0.63000000    0.024084617
     0.64000000    0.021929489
     0.65000000    0.019944064
     0.66000000    0.018117309
     0.67000000    0.016438681
     0.68000000    0.014898125
     0.69000000    0.013486074
     0.70000000    0.012193440
     0.71000000    0.011011609
     0.72000000   0.0099324297
     0.73000000   0.0089482049
     0.74000000   0.0080516785
     0.75000000   0.0072360223
     0.76000000   0.0064948213
     0.77000000   0.0058220591
     0.78000000   0.0052121017
     0.79000000   0.0046596813
     0.80000000   0.0041598789
     0.81000000   0.0037081081
     0.82000000   0.0033000967
     0.83000000   0.0029318699
     0.84000000   0.0025997327
     0.85000000   0.0023002522
     0.86000000   0.0020302407
     0.87000000   0.0017867381
     0.88000000   0.0015669955
     0.89000000   0.0013684581
     0.90000000   0.0011887490
     0.91000000   0.0010256529
     0.92000000  0.00087710056
     0.93000000  0.00074115297
     0.94000000  0.00061598616
     0.95000000  0.00049987622
     0.96000000  0.00039118448
     0.97000000  0.00028834299
     0.98000000  0.00018984010
     0.99000000 9.4206277E-005
      1.0000000     0.00000000
