     0.00000000      1.0000000
    0.010000000     0.82306327
    0.020000000     0.65472085
    0.030000000     0.50233495
    0.040000000     0.37109337
    0.050000000     0.26355248
    0.060000000     0.17971249
    0.070000000     0.11752487
    0.080000000    0.073638270
    0.090000000    0.044171345
     0.10000000    0.025347319
     0.11000000    0.013906297
     0.12000000   0.0072903581
     0.13000000   0.0036504344
     0.14000000   0.0017451187
     0.15000000  0.00079623016
     0.16000000  0.00034661935
     0.17000000  0.00014392986
     0.18000000 5.6994116E-005
     0.19000000 2.1517864E-005
     0.20000000 7.7442164E-006
     0.21000000 2.6563968E-006
     0.22000000 8.6832281E-007
     0.23000000 2.7044848E-007
     0.24000000 8.0251113E-008
     0.25000000 2.2684749E-008
     0.26000000 6.1078861E-009
     0.27000000 1.5663312E-009
     0.28000000 3.8254044E-010
     0.29000000 8.8969054E-011
     0.30000000 1.9703128E-011
     0.31000000 4.1547876E-012
     0.32000000 8.3422158E-013
     0.33000000 1.5953905E-013
     0.34000000 2.8754776E-014
     0.35000000 5.1070259E-015
     0.36000000 1.1102230E-015
     0.37000000 3.3306691E-016
     0.38000000 1.1102230E-016
     0.39000000-2.2204460E-016
     0.40000000-4.4408921E-016
     0.41000000     0.00000000
     0.42000000-4.4408921E-016
     0.43000000 2.2204460E-016
     0.44000000-3.3306691E-016
     0.45000000-2.2204460E-016
     0.46000000-1.1102230E-016
     0.47000000 2.2204460E-016
     0.48000000     0.00000000
     0.49000000     0.00000000
     0.50000000-1.1102230E-016
     0.51000000 3.3306691E-016
     0.52000000 1.1102230E-016
     0.53000000 1.1102230E-016
     0.54000000-1.6653345E-016
     0.55000000 1.6653345E-016
     0.56000000     0.00000000
     0.57000000     0.00000000
     0.58000000 1.6653345E-016
     0.59000000 1.1102230E-016
     0.60000000-2.7755576E-016
     0.61000000-5.5511151E-017
     0.62000000     0.00000000
     0.63000000-1.6653345E-016
     0.64000000 5.5511151E-017
     0.65000000     0.00000000
     0.66000000 2.2204460E-016
     0.67000000-1.1102230E-016
     0.68000000 3.3306691E-016
     0.69000000-1.1102230E-016
     0.70000000-1.1102230E-016
     0.71000000-1.1102230E-016
     0.72000000 1.1102230E-016
     0.73000000-1.1102230E-016
     0.74000000 3.8857806E-016
     0.75000000 1.9428903E-016
     0.76000000     0.00000000
     0.77000000-2.7755576E-017
     0.78000000-2.2204460E-016
     0.79000000-2.7755576E-017
     0.80000000-5.5511151E-017
     0.81000000-1.1102230E-016
     0.82000000-2.2204460E-016
     0.83000000 1.3877788E-016
     0.84000000 8.3266727E-017
     0.85000000 5.5511151E-017
     0.86000000 1.1102230E-016
     0.87000000-2.7755576E-017
     0.88000000-3.1918912E-016
     0.89000000 5.5511151E-017
     0.90000000-1.5265567E-016
     0.91000000-1.6653345E-016
     0.92000000-2.7755576E-017
     0.93000000-1.5265567E-016
     0.94000000 1.2490009E-016
     0.95000000 2.7755576E-017
     0.96000000 2.0816682E-017
     0.97000000-2.8102520E-016
     0.98000000-1.7347235E-017
     0.99000000-3.6429193E-016
      1.0000000     0.00000000
