     0.00000000      1.0000000
    0.010000000     0.97369929
    0.020000000     0.94742715
    0.030000000     0.92121205
    0.040000000     0.89508230
    0.050000000     0.86906589
    0.060000000     0.84319048
    0.070000000     0.81748326
    0.080000000     0.79197088
    0.090000000     0.76667936
     0.10000000     0.74163403
     0.11000000     0.71685944
     0.12000000     0.69237927
     0.13000000     0.66821630
     0.14000000     0.64439234
     0.15000000     0.62092814
     0.16000000     0.59784338
     0.17000000     0.57515658
     0.18000000     0.55288510
     0.19000000     0.53104510
     0.20000000     0.50965147
     0.21000000     0.48871787
     0.22000000     0.46825664
     0.23000000     0.44827886
     0.24000000     0.42879428
     0.25000000     0.40981138
     0.26000000     0.39133733
     0.27000000     0.37337801
     0.28000000     0.35593806
     0.29000000     0.33902085
     0.30000000     0.32262853
     0.31000000     0.30676207
     0.32000000     0.29142129
     0.33000000     0.27660488
     0.34000000     0.26231046
     0.35000000     0.24853463
     0.36000000     0.23527298
     0.37000000     0.22252020
     0.38000000     0.21027007
     0.39000000     0.19851558
     0.40000000     0.18724891
     0.41000000     0.17646156
     0.42000000     0.16614434
     0.43000000     0.15628749
     0.44000000     0.14688069
     0.45000000     0.13791314
     0.46000000     0.12937362
     0.47000000     0.12125052
     0.48000000     0.11353194
     0.49000000     0.10620568
     0.50000000    0.099259360
     0.51000000    0.092680423
     0.52000000    0.086456201
     0.53000000    0.080573957
     0.54000000    0.075020932
     0.55000000    0.069784385
     0.56000000    0.064851631
     0.57000000    0.060210079
     0.58000000    0.055847267
     0.59000000    0.051750891
     0.60000000    0.047908837
     0.61000000    0.044309202
     0.62000000    0.040940326
     0.63000000    0.037790804
     0.64000000    0.034849514
     0.65000000    0.032105625
     0.66000000    0.029548615
     0.67000000    0.027168282
     0.68000000    0.024954754
     0.69000000    0.022898494
     0.70000000    0.020990307
     0.71000000    0.019221345
     0.72000000    0.017583102
     0.73000000    0.016067422
     0.74000000    0.014666491
     0.75000000    0.013372835
     0.76000000    0.012179318
     0.77000000    0.011079134
     0.78000000    0.010065798
     0.79000000   0.0091331406
     0.80000000   0.0082752984
     0.81000000   0.0074867028
     0.82000000   0.0067620700
     0.83000000   0.0060963894
     0.84000000   0.0054849114
     0.85000000   0.0049231350
     0.86000000   0.0044067943
     0.87000000   0.0039318455
     0.88000000   0.0034944530
     0.89000000   0.0030909750
     0.90000000   0.0027179496
     0.91000000   0.0023720799
     0.92000000   0.0020502198
     0.93000000   0.0017493586
     0.94000000   0.0014666065
     0.95000000   0.0011991798
     0.96000000  0.00094438527
     0.97000000  0.00069960557
     0.98000000  0.00046228393
     0.99000000  0.00022990906
      1.0000000     0.00000000
