     0.00000000      1.0000000
    0.010000000     0.97263815
    0.020000000     0.94530847
    0.030000000     0.91804301
    0.040000000     0.89087361
    0.050000000     0.86383174
    0.060000000     0.83694847
    0.070000000     0.81025427
    0.080000000     0.78377898
    0.090000000     0.75755168
     0.10000000     0.73160059
     0.11000000     0.70595299
     0.12000000     0.68063512
     0.13000000     0.65567214
     0.14000000     0.63108800
     0.15000000     0.60690543
     0.16000000     0.58314582
     0.17000000     0.55982922
     0.18000000     0.53697428
     0.19000000     0.51459819
     0.20000000     0.49271668
     0.21000000     0.47134396
     0.22000000     0.45049276
     0.23000000     0.43017426
     0.24000000     0.41039813
     0.25000000     0.39117252
     0.26000000     0.37250408
     0.27000000     0.35439798
     0.28000000     0.33685792
     0.29000000     0.31988618
     0.30000000     0.30348366
     0.31000000     0.28764990
     0.32000000     0.27238314
     0.33000000     0.25768039
     0.34000000     0.24353747
     0.35000000     0.22994904
     0.36000000     0.21690872
     0.37000000     0.20440911
     0.38000000     0.19244188
     0.39000000     0.18099782
     0.40000000     0.17006692
     0.41000000     0.15963845
     0.42000000     0.14970102
     0.43000000     0.14024263
     0.44000000     0.13125077
     0.45000000     0.12271249
     0.46000000     0.11461443
     0.47000000     0.10694292
     0.48000000    0.099684042
     0.49000000    0.092823672
     0.50000000    0.086347553
     0.51000000    0.080241348
     0.52000000    0.074490694
     0.53000000    0.069081250
     0.54000000    0.063998752
     0.55000000    0.059229046
     0.56000000    0.054758140
     0.57000000    0.050572237
     0.58000000    0.046657767
     0.59000000    0.043001424
     0.60000000    0.039590192
     0.61000000    0.036411367
     0.62000000    0.033452583
     0.63000000    0.030701829
     0.64000000    0.028147463
     0.65000000    0.025778229
     0.66000000    0.023583264
     0.67000000    0.021552107
     0.68000000    0.019674703
     0.69000000    0.017941407
     0.70000000    0.016342986
     0.71000000    0.014870615
     0.72000000    0.013515875
     0.73000000    0.012270750
     0.74000000    0.011127617
     0.75000000    0.010079242
     0.76000000   0.0091187695
     0.77000000   0.0082397104
     0.78000000   0.0074359339
     0.79000000   0.0067016539
     0.80000000   0.0060314163
     0.81000000   0.0054200857
     0.82000000   0.0048628315
     0.83000000   0.0043551136
     0.84000000   0.0038926670
     0.85000000   0.0034714873
     0.86000000   0.0030878154
     0.87000000   0.0027381216
     0.88000000   0.0024190907
     0.89000000   0.0021276057
     0.90000000   0.0018607328
     0.91000000   0.0016157055
     0.92000000   0.0013899092
     0.93000000   0.0011808656
     0.94000000  0.00098621722
     0.95000000  0.00080371229
     0.96000000  0.00063118933
     0.97000000  0.00046656197
     0.98000000  0.00030780390
     0.99000000  0.00015293371
      1.0000000     0.00000000
