     0.00000000      1.0000000
    0.010000000     0.97384102
    0.020000000     0.94771016
    0.030000000     0.92163542
    0.040000000     0.89564465
    0.050000000     0.86976542
    0.060000000     0.84402494
    0.070000000     0.81844998
    0.080000000     0.79306678
    0.090000000     0.76790097
     0.10000000     0.74297751
     0.11000000     0.71832058
     0.12000000     0.69395355
     0.13000000     0.66989888
     0.14000000     0.64617809
     0.15000000     0.62281169
     0.16000000     0.59981910
     0.17000000     0.57721867
     0.18000000     0.55502758
     0.19000000     0.53326182
     0.20000000     0.51193619
     0.21000000     0.49106424
     0.22000000     0.47065826
     0.23000000     0.45072930
     0.24000000     0.43128713
     0.25000000     0.41234022
     0.26000000     0.39389580
     0.27000000     0.37595985
     0.28000000     0.35853709
     0.29000000     0.34163103
     0.30000000     0.32524396
     0.31000000     0.30937702
     0.32000000     0.29403021
     0.33000000     0.27920244
     0.34000000     0.26489154
     0.35000000     0.25109435
     0.36000000     0.23780670
     0.37000000     0.22502354
     0.38000000     0.21273892
     0.39000000     0.20094610
     0.40000000     0.18963754
     0.41000000     0.17880500
     0.42000000     0.16843961
     0.43000000     0.15853188
     0.44000000     0.14907176
     0.45000000     0.14004875
     0.46000000     0.13145189
     0.47000000     0.12326985
     0.48000000     0.11549099
     0.49000000     0.10810337
     0.50000000     0.10109486
     0.51000000    0.094453137
     0.52000000    0.088165764
     0.53000000    0.082220224
     0.54000000    0.076603963
     0.55000000    0.071304436
     0.56000000    0.066309140
     0.57000000    0.061605654
     0.58000000    0.057181675
     0.59000000    0.053025041
     0.60000000    0.049123771
     0.61000000    0.045466082
     0.62000000    0.042040418
     0.63000000    0.038835472
     0.64000000    0.035840201
     0.65000000    0.033043844
     0.66000000    0.030435939
     0.67000000    0.028006332
     0.68000000    0.025745186
     0.69000000    0.023642994
     0.70000000    0.021690578
     0.71000000    0.019879095
     0.72000000    0.018200044
     0.73000000    0.016645257
     0.74000000    0.015206906
     0.75000000    0.013877496
     0.76000000    0.012649861
     0.77000000    0.011517159
     0.78000000    0.010472867
     0.79000000   0.0095107711
     0.80000000   0.0086249579
     0.81000000   0.0078098061
     0.82000000   0.0070599755
     0.83000000   0.0063703959
     0.84000000   0.0057362556
     0.85000000   0.0051529888
     0.86000000   0.0046162632
     0.87000000   0.0041219666
     0.88000000   0.0036661934
     0.89000000   0.0032452308
     0.90000000   0.0028555447
     0.91000000   0.0024937653
     0.92000000   0.0021566728
     0.93000000   0.0018411823
     0.94000000   0.0015443293
     0.95000000   0.0012632551
     0.96000000  0.00099519130
     0.97000000  0.00073744504
     0.98000000  0.00048738400
     0.99000000  0.00024242122
      1.0000000     0.00000000
