     0.00000000      1.0000000
    0.010000000     0.96743555
    0.020000000     0.93492531
    0.030000000     0.90252325
    0.040000000     0.87028277
    0.050000000     0.83825649
    0.060000000     0.80649594
    0.070000000     0.77505137
    0.080000000     0.74397148
    0.090000000     0.71330317
     0.10000000     0.68309140
     0.11000000     0.65337891
     0.12000000     0.62420611
     0.13000000     0.59561090
     0.14000000     0.56762850
     0.15000000     0.54029137
     0.16000000     0.51362911
     0.17000000     0.48766835
     0.18000000     0.46243273
     0.19000000     0.43794282
     0.20000000     0.41421618
     0.21000000     0.39126728
     0.22000000     0.36910759
     0.23000000     0.34774560
     0.24000000     0.32718688
     0.25000000     0.30743417
     0.26000000     0.28848746
     0.27000000     0.27034414
     0.28000000     0.25299906
     0.29000000     0.23644472
     0.30000000     0.22067136
     0.31000000     0.20566718
     0.32000000     0.19141843
     0.33000000     0.17790959
     0.34000000     0.16512359
     0.35000000     0.15304188
     0.36000000     0.14164469
     0.37000000     0.13091113
     0.38000000     0.12081939
     0.39000000     0.11134689
     0.40000000     0.10247043
     0.41000000    0.094166375
     0.42000000    0.086410733
     0.43000000    0.079179349
     0.44000000    0.072448013
     0.45000000    0.066192579
     0.46000000    0.060389081
     0.47000000    0.055013832
     0.48000000    0.050043521
     0.49000000    0.045455294
     0.50000000    0.041226832
     0.51000000    0.037336415
     0.52000000    0.033762976
     0.53000000    0.030486155
     0.54000000    0.027486334
     0.55000000    0.024744669
     0.56000000    0.022243116
     0.57000000    0.019964448
     0.58000000    0.017892261
     0.59000000    0.016010982
     0.60000000    0.014305867
     0.61000000    0.012762994
     0.62000000    0.011369248
     0.63000000    0.010112312
     0.64000000   0.0089806430
     0.65000000   0.0079634536
     0.66000000   0.0070506842
     0.67000000   0.0062329785
     0.68000000   0.0055016543
     0.69000000   0.0048486738
     0.70000000   0.0042666135
     0.71000000   0.0037486324
     0.72000000   0.0032884407
     0.73000000   0.0028802684
     0.74000000   0.0025188338
     0.75000000   0.0021993129
     0.76000000   0.0019173092
     0.77000000   0.0016688238
     0.78000000   0.0014502279
     0.79000000   0.0012582343
     0.80000000   0.0010898718
     0.81000000  0.00094246000
     0.82000000  0.00081358499
     0.83000000  0.00070107704
     0.84000000  0.00060298905
     0.85000000  0.00051757639
     0.86000000  0.00044327798
     0.87000000  0.00037869848
     0.88000000  0.00032259172
     0.89000000  0.00027384519
     0.90000000  0.00023146555
     0.91000000  0.00019456516
     0.92000000  0.00016234951
     0.93000000  0.00013410546
     0.94000000  0.00010919027
     0.95000000 8.7021274E-005
     0.96000000 6.7066206E-005
     0.97000000 4.8833987E-005
     0.98000000 3.1865978E-005
     0.99000000 1.5727563E-005
      1.0000000     0.00000000
