     0.00000000      1.0000000
    0.010000000     0.95908733
    0.020000000     0.91828216
    0.030000000     0.87769114
    0.040000000     0.83741925
    0.050000000     0.79756896
    0.060000000     0.75823946
    0.070000000     0.71952595
    0.080000000     0.68151890
    0.090000000     0.64430346
     0.10000000     0.60795889
     0.11000000     0.57255808
     0.12000000     0.53816713
     0.13000000     0.50484500
     0.14000000     0.47264332
     0.15000000     0.44160618
     0.16000000     0.41177006
     0.17000000     0.38316386
     0.18000000     0.35580894
     0.19000000     0.32971930
     0.20000000     0.30490179
     0.21000000     0.28135641
     0.22000000     0.25907666
     0.23000000     0.23804989
     0.24000000     0.21825779
     0.25000000     0.19967679
     0.26000000     0.18227864
     0.27000000     0.16603083
     0.28000000     0.15089717
     0.29000000     0.13683831
     0.30000000     0.12381222
     0.31000000     0.11177476
     0.32000000     0.10068011
     0.33000000    0.090481304
     0.34000000    0.081130636
     0.35000000    0.072580103
     0.36000000    0.064781782
     0.37000000    0.057688185
     0.38000000    0.051252583
     0.39000000    0.045429282
     0.40000000    0.040173870
     0.41000000    0.035443430
     0.42000000    0.031196710
     0.43000000    0.027394262
     0.44000000    0.023998555
     0.45000000    0.020974049
     0.46000000    0.018287244
     0.47000000    0.015906706
     0.48000000    0.013803065
     0.49000000    0.011948998
     0.50000000    0.010319190
     0.51000000   0.0088902794
     0.52000000   0.0076407948
     0.53000000   0.0065510767
     0.54000000   0.0056031936
     0.55000000   0.0047808510
     0.56000000   0.0040692965
     0.57000000   0.0034552223
     0.58000000   0.0029266663
     0.59000000   0.0024729144
     0.60000000   0.0020844034
     0.61000000   0.0017526269
     0.62000000   0.0014700445
     0.63000000   0.0012299943
     0.64000000   0.0010266105
     0.65000000  0.00085474520
     0.66000000  0.00070989564
     0.67000000  0.00058813592
     0.68000000  0.00048605433
     0.69000000  0.00040069546
     0.70000000  0.00032950740
     0.71000000  0.00027029357
     0.72000000  0.00022116926
     0.73000000  0.00018052237
     0.74000000  0.00014697833
     0.75000000  0.00011936867
     0.76000000 9.6703220E-005
     0.77000000 7.8145476E-005
     0.78000000 6.2990893E-005
     0.79000000 5.0647884E-005
     0.80000000 4.0621209E-005
     0.81000000 3.2497530E-005
     0.82000000 2.5932899E-005
     0.83000000 2.0641964E-005
     0.84000000 1.6388681E-005
     0.85000000 1.2978367E-005
     0.86000000 1.0250915E-005
     0.87000000 8.0750251E-006
     0.88000000 6.3433155E-006
     0.89000000 4.9681932E-006
     0.90000000 3.8783772E-006
     0.91000000 3.0159772E-006
     0.92000000 2.3340473E-006
     0.93000000 1.7945375E-006
     0.94000000 1.3665822E-006
     0.95000000 1.0250654E-006
     0.96000000 7.4941712E-007
     0.97000000 5.2259388E-007
     0.98000000 3.3020753E-007
     0.99000000 1.5976664E-007
      1.0000000     0.00000000
