     0.00000000      1.0000000
    0.010000000     0.94362802
    0.020000000     0.88753708
    0.030000000     0.83200403
    0.040000000     0.77729741
    0.050000000     0.72367361
    0.060000000     0.67137324
    0.070000000     0.62061795
    0.080000000     0.57160764
    0.090000000     0.52451828
     0.10000000     0.47950012
     0.11000000     0.43667663
     0.12000000     0.39614391
     0.13000000     0.35797067
     0.14000000     0.32219881
     0.15000000     0.28884437
     0.16000000     0.25789904
     0.17000000     0.22933194
     0.18000000     0.20309179
     0.19000000     0.17910919
     0.20000000     0.15729921
     0.21000000     0.13756389
     0.22000000     0.11979493
     0.23000000     0.10387616
     0.24000000    0.089686022
     0.25000000    0.077099872
     0.26000000    0.065992055
     0.27000000    0.056237804
     0.28000000    0.047714880
     0.29000000    0.040304974
     0.30000000    0.033894854
     0.31000000    0.028377267
     0.32000000    0.023651617
     0.33000000    0.019624415
     0.34000000    0.016209541
     0.35000000    0.013328329
     0.36000000    0.010909498
     0.37000000   0.0088889699
     0.38000000   0.0072095708
     0.39000000   0.0058206664
     0.40000000   0.0046777350
     0.41000000   0.0037419040
     0.42000000   0.0029794667
     0.43000000   0.0023613930
     0.44000000   0.0018628463
     0.45000000   0.0014627166
     0.46000000   0.0011431766
     0.47000000  0.00088926703
     0.48000000  0.00068851390
     0.49000000  0.00053058011
     0.50000000  0.00040695202
     0.51000000  0.00031066034
     0.52000000  0.00023603442
     0.53000000  0.00017848775
     0.54000000  0.00013433274
     0.55000000  0.00010062192
     0.56000000 7.5013195E-005
     0.57000000 5.5656280E-005
     0.58000000 4.1097878E-005
     0.59000000 3.0203042E-005
     0.60000000 2.2090497E-005
     0.61000000 1.6079826E-005
     0.62000000 1.1648657E-005
     0.63000000 8.3982113E-006
     0.64000000 6.0257612E-006
     0.65000000 4.3027795E-006
     0.66000000 3.0577098E-006
     0.67000000 2.1624768E-006
     0.68000000 1.5219934E-006
     0.69000000 1.0660518E-006
     0.70000000 7.4309837E-007
     0.71000000 5.1548382E-007
     0.72000000 3.5586299E-007
     0.73000000 2.4448265E-007
     0.74000000 1.6715106E-007
     0.75000000 1.1372726E-007
     0.76000000 7.7003927E-008
     0.77000000 5.1886293E-008
     0.78000000 3.4792248E-008
     0.79000000 2.3216732E-008
     0.80000000 1.5417258E-008
     0.81000000 1.0188245E-008
     0.82000000 6.7000275E-009
     0.83000000 4.3846769E-009
     0.84000000 2.8554939E-009
     0.85000000 1.8505736E-009
     0.86000000 1.1934710E-009
     0.87000000 7.6594306E-010
     0.88000000 4.8916846E-010
     0.89000000 3.1088213E-010
     0.90000000 1.9660860E-010
     0.91000000 1.2372753E-010
     0.92000000 7.7473680E-011
     0.93000000 4.8258536E-011
     0.94000000 2.9886489E-011
     0.95000000 1.8371901E-011
     0.96000000 1.1159663E-011
     0.97000000 6.6115169E-012
     0.98000000 3.6694640E-012
     0.99000000 1.6318006E-012
      1.0000000     0.00000000
