     0.00000000      1.0000000
    0.010000000     0.97087185
    0.020000000     0.94178250
    0.030000000     0.91277062
    0.040000000     0.88387454
    0.050000000     0.85513214
    0.060000000     0.82658070
    0.070000000     0.79825674
    0.080000000     0.77019587
    0.090000000     0.74243270
     0.10000000     0.71500065
     0.11000000     0.68793190
     0.12000000     0.66125722
     0.13000000     0.63500589
     0.14000000     0.60920561
     0.15000000     0.58388242
     0.16000000     0.55906061
     0.17000000     0.53476266
     0.18000000     0.51100921
     0.19000000     0.48781899
     0.20000000     0.46520882
     0.21000000     0.44319355
     0.22000000     0.42178609
     0.23000000     0.40099740
     0.24000000     0.38083648
     0.25000000     0.36131043
     0.26000000     0.34242445
     0.27000000     0.32418189
     0.28000000     0.30658432
     0.29000000     0.28963153
     0.30000000     0.27332168
     0.31000000     0.25765127
     0.32000000     0.24261530
     0.33000000     0.22820731
     0.34000000     0.21441945
     0.35000000     0.20124262
     0.36000000     0.18866652
     0.37000000     0.17667974
     0.38000000     0.16526990
     0.39000000     0.15442370
     0.40000000     0.14412703
     0.41000000     0.13436507
     0.42000000     0.12512238
     0.43000000     0.11638300
     0.44000000     0.10813053
     0.45000000     0.10034823
     0.46000000    0.093019086
     0.47000000    0.086125906
     0.48000000    0.079651395
     0.49000000    0.073578227
     0.50000000    0.067889112
     0.51000000    0.062566863
     0.52000000    0.057594457
     0.53000000    0.052955084
     0.54000000    0.048632207
     0.55000000    0.044609599
     0.56000000    0.040871389
     0.57000000    0.037402096
     0.58000000    0.034186663
     0.59000000    0.031210482
     0.60000000    0.028459418
     0.61000000    0.025919828
     0.62000000    0.023578574
     0.63000000    0.021423037
     0.64000000    0.019441123
     0.65000000    0.017621267
     0.66000000    0.015952435
     0.67000000    0.014424121
     0.68000000    0.013026346
     0.69000000    0.011749648
     0.70000000    0.010585072
     0.71000000   0.0095241658
     0.72000000   0.0085589616
     0.73000000   0.0076819647
     0.74000000   0.0068861387
     0.75000000   0.0061648890
     0.76000000   0.0055120460
     0.77000000   0.0049218477
     0.78000000   0.0043889217
     0.79000000   0.0039082666
     0.80000000   0.0034752336
     0.81000000   0.0030855072
     0.82000000   0.0027350870
     0.83000000   0.0024202687
     0.84000000   0.0021376255
     0.85000000   0.0018839899
     0.86000000   0.0016564355
     0.87000000   0.0014522595
     0.88000000   0.0012689653
     0.89000000   0.0011042455
     0.90000000  0.00095596517
     0.91000000  0.00082214627
     0.92000000  0.00070095136
     0.93000000  0.00059066849
     0.94000000  0.00048969622
     0.95000000  0.00039652895
     0.96000000  0.00030974261
     0.97000000  0.00022798068
     0.98000000  0.00014994030
     0.99000000 7.4358768E-005
      1.0000000     0.00000000
