     0.00000000      1.0000000
    0.010000000     0.97464583
    0.020000000     0.94931726
    0.030000000     0.92403980
    0.040000000     0.89883882
    0.050000000     0.87373944
    0.060000000     0.84876650
    0.070000000     0.82394444
    0.080000000     0.79929726
    0.090000000     0.77484842
     0.10000000     0.75062082
     0.11000000     0.72663670
     0.12000000     0.70291756
     0.13000000     0.67948417
     0.14000000     0.65635646
     0.15000000     0.63355347
     0.16000000     0.61109335
     0.17000000     0.58899328
     0.18000000     0.56726943
     0.19000000     0.54593696
     0.20000000     0.52500996
     0.21000000     0.50450145
     0.22000000     0.48442335
     0.23000000     0.46478647
     0.24000000     0.44560051
     0.25000000     0.42687403
     0.26000000     0.40861448
     0.27000000     0.39082819
     0.28000000     0.37352039
     0.29000000     0.35669520
     0.30000000     0.34035568
     0.31000000     0.32450382
     0.32000000     0.30914061
     0.33000000     0.29426599
     0.34000000     0.27987898
     0.35000000     0.26597764
     0.36000000     0.25255913
     0.37000000     0.23961975
     0.38000000     0.22715500
     0.39000000     0.21515957
     0.40000000     0.20362746
     0.41000000     0.19255195
     0.42000000     0.18192571
     0.43000000     0.17174080
     0.44000000     0.16198873
     0.45000000     0.15266054
     0.46000000     0.14374681
     0.47000000     0.13523771
     0.48000000     0.12712307
     0.49000000     0.11939241
     0.50000000     0.11203498
     0.51000000     0.10503982
     0.52000000    0.098395797
     0.53000000    0.092091641
     0.54000000    0.086115987
     0.55000000    0.080457416
     0.56000000    0.075104491
     0.57000000    0.070045787
     0.58000000    0.065269929
     0.59000000    0.060765621
     0.60000000    0.056521670
     0.61000000    0.052527018
     0.62000000    0.048770765
     0.63000000    0.045242188
     0.64000000    0.041930763
     0.65000000    0.038826184
     0.66000000    0.035918378
     0.67000000    0.033197518
     0.68000000    0.030654035
     0.69000000    0.028278629
     0.70000000    0.026062278
     0.71000000    0.023996241
     0.72000000    0.022072066
     0.73000000    0.020281590
     0.74000000    0.018616944
     0.75000000    0.017070551
     0.76000000    0.015635124
     0.77000000    0.014303664
     0.78000000    0.013069457
     0.79000000    0.011926068
     0.80000000    0.010867335
     0.81000000   0.0098873609
     0.82000000   0.0089805082
     0.83000000   0.0081413879
     0.84000000   0.0073648506
     0.85000000   0.0066459763
     0.86000000   0.0059800636
     0.87000000   0.0053626183
     0.88000000   0.0047893412
     0.89000000   0.0042561160
     0.90000000   0.0037589964
     0.91000000   0.0032941932
     0.92000000   0.0028580607
     0.93000000   0.0024470828
     0.94000000   0.0020578598
     0.95000000   0.0016870934
     0.96000000   0.0013315732
     0.97000000  0.00098816187
     0.98000000  0.00065378070
     0.99000000  0.00032539513
      1.0000000     0.00000000
