     0.00000000      1.0000000
    0.010000000     0.97067578
    0.020000000     0.94139117
    0.030000000     0.91218558
    0.040000000     0.88309814
    0.050000000     0.85416749
    0.060000000     0.82543163
    0.070000000     0.79692780
    0.080000000     0.76869230
    0.090000000     0.74076037
     0.10000000     0.71316606
     0.11000000     0.68594210
     0.12000000     0.65911977
     0.13000000     0.63272885
     0.14000000     0.60679745
     0.15000000     0.58135198
     0.16000000     0.55641705
     0.17000000     0.53201541
     0.18000000     0.50816789
     0.19000000     0.48489338
     0.20000000     0.46220880
     0.21000000     0.44012903
     0.22000000     0.41866697
     0.23000000     0.39783351
     0.24000000     0.37763755
     0.25000000     0.35808601
     0.26000000     0.33918390
     0.27000000     0.32093430
     0.28000000     0.30333850
     0.29000000     0.28639598
     0.30000000     0.27010450
     0.31000000     0.25446021
     0.32000000     0.23945768
     0.33000000     0.22509001
     0.34000000     0.21134892
     0.35000000     0.19822482
     0.36000000     0.18570694
     0.37000000     0.17378339
     0.38000000     0.16244130
     0.39000000     0.15166688
     0.40000000     0.14144553
     0.41000000     0.13176196
     0.42000000     0.12260027
     0.43000000     0.11394402
     0.44000000     0.10577639
     0.45000000    0.098080188
     0.46000000    0.090838004
     0.47000000    0.084032254
     0.48000000    0.077645274
     0.49000000    0.071659388
     0.50000000    0.066056984
     0.51000000    0.060820573
     0.52000000    0.055932855
     0.53000000    0.051376770
     0.54000000    0.047135549
     0.55000000    0.043192764
     0.56000000    0.039532362
     0.57000000    0.036138707
     0.58000000    0.032996606
     0.59000000    0.030091339
     0.60000000    0.027408680
     0.61000000    0.024934912
     0.62000000    0.022656848
     0.63000000    0.020561831
     0.64000000    0.018637751
     0.65000000    0.016873039
     0.66000000    0.015256673
     0.67000000    0.013778171
     0.68000000    0.012427589
     0.69000000    0.011195513
     0.70000000    0.010073044
     0.71000000   0.0090517923
     0.72000000   0.0081238629
     0.73000000   0.0072818381
     0.74000000   0.0065187636
     0.75000000   0.0058281314
     0.76000000   0.0052038617
     0.77000000   0.0046402845
     0.78000000   0.0041321215
     0.79000000   0.0036744660
     0.80000000   0.0032627645
     0.81000000   0.0028927968
     0.82000000   0.0025606572
     0.83000000   0.0022627348
     0.84000000   0.0019956954
     0.85000000   0.0017564620
     0.86000000   0.0015421972
     0.87000000   0.0013502853
     0.88000000   0.0011783145
     0.89000000   0.0010240600
     0.90000000  0.00088546779
     0.91000000  0.00076063814
     0.92000000  0.00064781012
     0.93000000  0.00054534631
     0.94000000  0.00045171797
     0.95000000  0.00036549062
     0.96000000  0.00028530982
     0.97000000  0.00020988746
     0.98000000  0.00013798807
     0.99000000 6.8415576E-005
      1.0000000     0.00000000
