     0.00000000      1.0000000
    0.010000000     0.97106403
    0.020000000     0.94216611
    0.030000000     0.91334412
    0.040000000     0.88463567
    0.050000000     0.85607790
    0.060000000     0.82770738
    0.070000000     0.79955992
    0.080000000     0.77167050
    0.090000000     0.74407309
     0.10000000     0.71680052
     0.11000000     0.68988441
     0.12000000     0.66335503
     0.13000000     0.63724120
     0.14000000     0.61157020
     0.15000000     0.58636771
     0.16000000     0.56165771
     0.17000000     0.53746243
     0.18000000     0.51380229
     0.19000000     0.49069588
     0.20000000     0.46815991
     0.21000000     0.44620919
     0.22000000     0.42485664
     0.23000000     0.40411325
     0.24000000     0.38398816
     0.25000000     0.36448860
     0.26000000     0.34561997
     0.27000000     0.32738586
     0.28000000     0.30978811
     0.29000000     0.29282682
     0.30000000     0.27650048
     0.31000000     0.26080598
     0.32000000     0.24573870
     0.33000000     0.23129259
     0.34000000     0.21746027
     0.35000000     0.20423305
     0.36000000     0.19160110
     0.37000000     0.17955350
     0.38000000     0.16807831
     0.39000000     0.15716272
     0.40000000     0.14679308
     0.41000000     0.13695504
     0.42000000     0.12763362
     0.43000000     0.11881330
     0.44000000     0.11047812
     0.45000000     0.10261174
     0.46000000    0.095197573
     0.47000000    0.088218796
     0.48000000    0.081658480
     0.49000000    0.075499643
     0.50000000    0.069725316
     0.51000000    0.064318610
     0.52000000    0.059262777
     0.53000000    0.054541260
     0.54000000    0.050137750
     0.55000000    0.046036226
     0.56000000    0.042221000
     0.57000000    0.038676750
     0.58000000    0.035388559
     0.59000000    0.032341933
     0.60000000    0.029522835
     0.61000000    0.026917698
     0.62000000    0.024513443
     0.63000000    0.022297491
     0.64000000    0.020257772
     0.65000000    0.018382729
     0.66000000    0.016661325
     0.67000000    0.015083034
     0.68000000    0.013637847
     0.69000000    0.012316260
     0.70000000    0.011109271
     0.71000000    0.010008366
     0.72000000   0.0090055122
     0.73000000   0.0080931428
     0.74000000   0.0072641434
     0.75000000   0.0065118372
     0.76000000   0.0058299690
     0.77000000   0.0052126883
     0.78000000   0.0046545322
     0.79000000   0.0041504075
     0.80000000   0.0036955725
     0.81000000   0.0032856192
     0.82000000   0.0029164544
     0.83000000   0.0025842819
     0.84000000   0.0022855840
     0.85000000   0.0020171035
     0.86000000   0.0017758259
     0.87000000   0.0015589622
     0.88000000   0.0013639310
     0.89000000   0.0011883424
     0.90000000   0.0010299807
     0.91000000  0.00088678902
     0.92000000  0.00075685301
     0.93000000  0.00063838554
     0.94000000  0.00052971167
     0.95000000  0.00042925379
     0.96000000  0.00033551721
     0.97000000  0.00024707589
     0.98000000  0.00016255844
     0.99000000 8.0634279E-005
      1.0000000     0.00000000
