     0.00000000      1.0000000
    0.010000000     0.95054900
    0.020000000     0.90128777
    0.030000000     0.85240390
    0.040000000     0.80408066
    0.050000000     0.75649492
    0.060000000     0.70981527
    0.070000000     0.66420016
    0.080000000     0.61979639
    0.090000000     0.57673765
     0.10000000     0.53514345
     0.11000000     0.49511816
     0.12000000     0.45675040
     0.13000000     0.42011268
     0.14000000     0.38526124
     0.15000000     0.35223622
     0.16000000     0.32106199
     0.17000000     0.29174777
     0.18000000     0.26428835
     0.19000000     0.23866508
     0.20000000     0.21484695
     0.21000000     0.19279174
     0.22000000     0.17244734
     0.23000000     0.15375307
     0.24000000     0.13664100
     0.25000000     0.12103734
     0.26000000     0.10686371
     0.27000000    0.094038478
     0.28000000    0.082477887
     0.29000000    0.072097231
     0.30000000    0.062811848
     0.31000000    0.054538048
     0.32000000    0.047193919
     0.33000000    0.040700016
     0.34000000    0.034979945
     0.35000000    0.029960828
     0.36000000    0.025573669
     0.37000000    0.021753615
     0.38000000    0.018440124
     0.39000000    0.015577051
     0.40000000    0.013112663
     0.41000000    0.010999583
     0.42000000   0.0091946839
     0.43000000   0.0076589351
     0.44000000   0.0063572151
     0.45000000   0.0052580950
     0.46000000   0.0043336037
     0.47000000   0.0035589800
     0.48000000   0.0029124201
     0.49000000   0.0023748228
     0.50000000   0.0019295405
     0.51000000   0.0015621363
     0.52000000   0.0012601531
     0.53000000   0.0010128944
     0.54000000  0.00081121995
     0.55000000  0.00064735727
     0.56000000  0.00051472796
     0.57000000  0.00040779069
     0.58000000  0.00032189945
     0.59000000  0.00025317697
     0.60000000  0.00019840240
     0.61000000  0.00015491242
     0.62000000  0.00012051470
     0.63000000 9.3412766E-005
     0.64000000 7.2141119E-005
     0.65000000 5.5509594E-005
     0.66000000 4.2555913E-005
     0.67000000 3.2505486E-005
     0.68000000 2.4737544E-005
     0.69000000 1.8756766E-005
     0.70000000 1.4169653E-005
     0.71000000 1.0664948E-005
     0.72000000 7.9975144E-006
     0.73000000 5.9751196E-006
     0.74000000 4.4476645E-006
     0.75000000 3.2984500E-006
     0.76000000 2.4371311E-006
     0.77000000 1.7940630E-006
     0.78000000 1.3157853E-006
     0.79000000 9.6143446E-007
     0.80000000 6.9990715E-007
     0.81000000 5.0762861E-007
     0.82000000 3.6680521E-007
     0.83000000 2.6406294E-007
     0.84000000 1.8939157E-007
     0.85000000 1.3532983E-007
     0.86000000 9.6339417E-008
     0.87000000 6.8326405E-008
     0.88000000 4.8277056E-008
     0.89000000 3.3981899E-008
     0.90000000 2.3827676E-008
     0.91000000 1.6641158E-008
     0.92000000 1.1572400E-008
     0.93000000 8.0078525E-009
     0.94000000 5.5059230E-009
     0.95000000 3.7493421E-009
     0.96000000 2.5100030E-009
     0.97000000 1.6229786E-009
     0.98000000 9.6719998E-010
     0.99000000 4.5085600E-010
      1.0000000     0.00000000
