     0.00000000      1.0000000
    0.010000000     0.96941002
    0.020000000     0.93886499
    0.030000000     0.90840965
    0.040000000     0.87808837
    0.050000000     0.84794489
    0.060000000     0.81802223
    0.070000000     0.78836239
    0.080000000     0.75900627
    0.090000000     0.72999345
     0.10000000     0.70136205
     0.11000000     0.67314856
     0.12000000     0.64538775
     0.13000000     0.61811247
     0.14000000     0.59135362
     0.15000000     0.56513999
     0.16000000     0.53949820
     0.17000000     0.51445263
     0.18000000     0.49002536
     0.19000000     0.46623614
     0.20000000     0.44310233
     0.21000000     0.42063894
     0.22000000     0.39885859
     0.23000000     0.37777154
     0.24000000     0.35738572
     0.25000000     0.33770676
     0.26000000     0.31873806
     0.27000000     0.30048087
     0.28000000     0.28293430
     0.29000000     0.26609549
     0.30000000     0.24995961
     0.31000000     0.23452006
     0.32000000     0.21976848
     0.33000000     0.20569493
     0.34000000     0.19228798
     0.35000000     0.17953481
     0.36000000     0.16742137
     0.37000000     0.15593248
     0.38000000     0.14505194
     0.39000000     0.13476269
     0.40000000     0.12504688
     0.41000000     0.11588604
     0.42000000     0.10726116
     0.43000000    0.099152811
     0.44000000    0.091541263
     0.45000000    0.084406575
     0.46000000    0.077728697
     0.47000000    0.071487565
     0.48000000    0.065663186
     0.49000000    0.060235718
     0.50000000    0.055185542
     0.51000000    0.050493337
     0.52000000    0.046140133
     0.53000000    0.042107373
     0.54000000    0.038376957
     0.55000000    0.034931288
     0.56000000    0.031753307
     0.57000000    0.028826524
     0.58000000    0.026135042
     0.59000000    0.023663582
     0.60000000    0.021397489
     0.61000000    0.019322752
     0.62000000    0.017426000
     0.63000000    0.015694511
     0.64000000    0.014116205
     0.65000000    0.012679643
     0.66000000    0.011374012
     0.67000000    0.010189118
     0.68000000   0.0091153723
     0.69000000   0.0081437713
     0.70000000   0.0072658828
     0.71000000   0.0064738249
     0.72000000   0.0057602454
     0.73000000   0.0051183003
     0.74000000   0.0045416315
     0.75000000   0.0040243440
     0.76000000   0.0035609826
     0.77000000   0.0031465086
     0.78000000   0.0027762769
     0.79000000   0.0024460123
     0.80000000   0.0021517875
     0.81000000   0.0018900002
     0.82000000   0.0016573513
     0.83000000   0.0014508240
     0.84000000   0.0012676631
     0.85000000   0.0011053549
     0.86000000  0.00096160840
     0.87000000  0.00083433635
     0.88000000  0.00072163810
     0.89000000  0.00062178234
     0.90000000  0.00053319101
     0.91000000  0.00045442375
     0.92000000  0.00038416305
     0.93000000  0.00032120007
     0.94000000  0.00026442098
     0.95000000  0.00021279388
     0.96000000  0.00016535621
     0.97000000  0.00012120248
     0.98000000 7.9472493E-005
     0.99000000 3.9339725E-005
      1.0000000     0.00000000
