     0.00000000      1.0000000
    0.010000000     0.93698733
    0.020000000     0.87436706
    0.030000000     0.81252427
    0.040000000     0.75182963
    0.050000000     0.69263278
    0.060000000     0.63525630
    0.070000000     0.57999050
    0.080000000     0.52708926
    0.090000000     0.47676672
     0.10000000     0.42919530
     0.11000000     0.38450463
     0.12000000     0.34278171
     0.13000000     0.30407203
     0.14000000     0.26838163
     0.15000000     0.23567991
     0.16000000     0.20590321
     0.17000000     0.17895873
     0.18000000     0.15472892
     0.19000000     0.13307596
     0.20000000     0.11384630
     0.21000000    0.096875075
     0.22000000    0.081990321
     0.23000000    0.069016818
     0.24000000    0.057779571
     0.25000000    0.048106828
     0.26000000    0.039832619
     0.27000000    0.032798814
     0.28000000    0.026856696
     0.29000000    0.021868088
     0.30000000    0.017706066
     0.31000000    0.014255291
     0.32000000    0.011412036
     0.33000000   0.0090839338
     0.34000000   0.0071895173
     0.35000000   0.0056575978
     0.36000000   0.0044265259
     0.37000000   0.0034433798
     0.38000000   0.0026631193
     0.39000000   0.0020477322
     0.40000000   0.0015654023
     0.41000000   0.0011897145
     0.42000000  0.00089891279
     0.43000000  0.00067521898
     0.44000000  0.00050421823
     0.45000000  0.00037431225
     0.46000000  0.00027623972
     0.47000000  0.00020266094
     0.48000000  0.00014780231
     0.49000000  0.00010715570
     0.50000000 7.7226796E-005
     0.51000000 5.5326784E-005
     0.52000000 3.9401583E-005
     0.53000000 2.7893245E-005
     0.54000000 1.9628541E-005
     0.55000000 1.3730210E-005
     0.56000000 9.5469198E-006
     0.57000000 6.5984690E-006
     0.58000000 4.5332938E-006
     0.59000000 3.0957969E-006
     0.60000000 2.1014360E-006
     0.61000000 1.4178892E-006
     0.62000000 9.5092944E-007
     0.63000000 6.3391593E-007
     0.64000000 4.2003940E-007
     0.65000000 2.7664389E-007
     0.66000000 1.8110173E-007
     0.67000000 1.1783992E-007
     0.68000000 7.6212913E-008
     0.69000000 4.8992427E-008
     0.70000000 3.1303414E-008
     0.71000000 1.9879935E-008
     0.72000000 1.2548648E-008
     0.73000000 7.8729203E-009
     0.74000000 4.9094194E-009
     0.75000000 3.0428326E-009
     0.76000000 1.8744682E-009
     0.77000000 1.1477012E-009
     0.78000000 6.9843920E-010
     0.79000000 4.2245082E-010
     0.80000000 2.5396274E-010
     0.81000000 1.5174312E-010
     0.82000000 9.0113861E-011
     0.83000000 5.3188537E-011
     0.84000000 3.1202013E-011
     0.85000000 1.8192448E-011
     0.86000000 1.0542262E-011
     0.87000000 6.0718375E-012
     0.88000000 3.4755393E-012
     0.89000000 1.9774182E-012
     0.90000000 1.1180501E-012
     0.91000000 6.2830297E-013
     0.92000000 3.5091374E-013
     0.93000000 1.9477475E-013
     0.94000000 1.0748347E-013
     0.95000000 5.8814065E-014
     0.96000000 3.1946668E-014
     0.97000000 1.6951718E-014
     0.98000000 8.5417784E-015
     0.99000000 3.5943470E-015
      1.0000000     0.00000000
