     0.00000000      1.0000000
    0.010000000     0.94957097
    0.020000000     0.89934319
    0.030000000     0.84951549
    0.040000000     0.80028196
    0.050000000     0.75182963
    0.060000000     0.70433641
    0.070000000     0.65796909
    0.080000000     0.61288162
    0.090000000     0.56921365
     0.10000000     0.52708926
     0.11000000     0.48661605
     0.12000000     0.44788448
     0.13000000     0.41096752
     0.14000000     0.37592058
     0.15000000     0.34278171
     0.16000000     0.31157207
     0.17000000     0.28229665
     0.18000000     0.25494516
     0.19000000     0.22949315
     0.20000000     0.20590321
     0.21000000     0.18412637
     0.22000000     0.16410351
     0.23000000     0.14576681
     0.24000000     0.12904131
     0.25000000     0.11384630
     0.26000000     0.10009683
     0.27000000    0.087705030
     0.28000000    0.076581409
     0.29000000    0.066636028
     0.30000000    0.057779571
     0.31000000    0.049924284
     0.32000000    0.042984795
     0.33000000    0.036878802
     0.34000000    0.031527634
     0.35000000    0.026856696
     0.36000000    0.022795787
     0.37000000    0.019279327
     0.38000000    0.016246474
     0.39000000    0.013641156
     0.40000000    0.011412036
     0.41000000   0.0095124049
     0.42000000   0.0079000197
     0.43000000   0.0065369074
     0.44000000   0.0053891295
     0.45000000   0.0044265259
     0.46000000   0.0036224435
     0.47000000   0.0029534576
     0.48000000   0.0023990913
     0.49000000   0.0019415398
     0.50000000   0.0015654023
     0.51000000   0.0012574264
     0.52000000   0.0010062666
     0.53000000  0.00080225869
     0.54000000  0.00063721186
     0.55000000  0.00050421823
     0.56000000  0.00039748052
     0.57000000  0.00031215710
     0.58000000  0.00024422389
     0.59000000  0.00019035235
     0.60000000  0.00014780231
     0.61000000  0.00011432859
     0.62000000 8.8100209E-005
     0.63000000 6.7630942E-005
     0.64000000 5.1719978E-005
     0.65000000 3.9401583E-005
     0.66000000 2.9902642E-005
     0.67000000 2.2607067E-005
     0.68000000 1.7026126E-005
     0.69000000 1.2773877E-005
     0.70000000 9.5469198E-006
     0.71000000 7.1078105E-006
     0.72000000 5.2715567E-006
     0.73000000 3.8946722E-006
     0.74000000 2.8663583E-006
     0.75000000 2.1014360E-006
     0.76000000 1.5347110E-006
     0.77000000 1.1165045E-006
     0.78000000 8.0912661E-007
     0.79000000 5.8410833E-007
     0.80000000 4.2003937E-007
     0.81000000 3.0088815E-007
     0.82000000 2.1470270E-007
     0.83000000 1.5261108E-007
     0.84000000 1.0805616E-007
     0.85000000 7.6212562E-008
     0.86000000 5.3544552E-008
     0.87000000 3.7472524E-008
     0.88000000 2.6122484E-008
     0.89000000 1.8138847E-008
     0.90000000 1.2545172E-008
     0.91000000 8.6410516E-009
     0.92000000 5.9261178E-009
     0.93000000 4.0442686E-009
     0.94000000 2.7429099E-009
     0.95000000 1.8432663E-009
     0.96000000 1.2188024E-009
     0.97000000 7.7953054E-010
     0.98000000 4.6053767E-010
     0.99000000 2.1346907E-010
      1.0000000     0.00000000
