     0.00000000      1.0000000
    0.010000000     0.95147225
    0.020000000     0.90312384
    0.030000000     0.85513214
    0.040000000     0.80767056
    0.050000000     0.76090673
    0.060000000     0.71500065
    0.070000000     0.67010316
    0.080000000     0.62635436
    0.090000000     0.58388242
     0.10000000     0.54280245
     0.11000000     0.50321568
     0.12000000     0.46520882
     0.13000000     0.42885366
     0.14000000     0.39420695
     0.15000000     0.36131043
     0.16000000     0.33019112
     0.17000000     0.30086180
     0.18000000     0.27332168
     0.19000000     0.24755717
     0.20000000     0.22354287
     0.21000000     0.20124262
     0.22000000     0.18061060
     0.23000000     0.16159256
     0.24000000     0.14412703
     0.25000000     0.12814656
     0.26000000     0.11357891
     0.27000000     0.10034825
     0.28000000    0.088376280
     0.29000000    0.077583297
     0.30000000    0.067889155
     0.31000000    0.059214158
     0.32000000    0.051479852
     0.33000000    0.044609718
     0.34000000    0.038529752
     0.35000000    0.033168958
     0.36000000    0.028459737
     0.37000000    0.024338183
     0.38000000    0.020744292
     0.39000000    0.017622091
     0.40000000    0.014919696
     0.41000000    0.012589306
     0.42000000    0.010587137
     0.43000000   0.0088733200
     0.44000000   0.0074117471
     0.45000000   0.0061698993
     0.46000000   0.0051186438
     0.47000000   0.0042320183
     0.48000000   0.0034870049
     0.49000000   0.0028632988
     0.50000000   0.0023430777
     0.51000000   0.0019107751
     0.52000000   0.0015528603
     0.53000000   0.0012576282
     0.54000000   0.0010150009
     0.55000000  0.00081634233
     0.56000000  0.00065428552
     0.57000000  0.00052257540
     0.58000000  0.00041592486
     0.59000000  0.00032988515
     0.60000000  0.00026072963
     0.61000000  0.00020535043
     0.62000000  0.00016116709
     0.63000000  0.00012604645
     0.64000000 9.8232781E-005
     0.65000000 7.6287247E-005
     0.66000000 5.9035780E-005
     0.67000000 4.5524458E-005
     0.68000000 3.4981518E-005
     0.69000000 2.6785223E-005
     0.70000000 2.0436807E-005
     0.71000000 1.5537832E-005
     0.72000000 1.1771339E-005
     0.73000000 8.8862387E-006
     0.74000000 6.6844443E-006
     0.75000000 5.0103319E-006
     0.76000000 3.7421416E-006
     0.77000000 2.7849999E-006
     0.78000000 2.0652857E-006
     0.79000000 1.5261030E-006
     0.80000000 1.1236606E-006
     0.81000000 8.2439018E-007
     0.82000000 6.0266461E-007
     0.83000000 4.3899799E-007
     0.84000000 3.1863388E-007
     0.85000000 2.3044229E-007
     0.86000000 1.6606215E-007
     0.87000000 1.1923755E-007
     0.88000000 8.5306333E-008
     0.89000000 6.0807761E-008
     0.90000000 4.3182973E-008
     0.91000000 3.0547147E-008
     0.92000000 2.1517010E-008
     0.93000000 1.5080722E-008
     0.94000000 1.0500093E-008
     0.95000000 7.2372678E-009
     0.96000000 4.8998383E-009
     0.97000000 3.1996616E-009
     0.98000000 1.9217455E-009
     0.99000000 9.0034491E-010
      1.0000000     0.00000000
