     0.00000000      1.0000000
    0.010000000     0.94742715
    0.020000000     0.89508230
    0.030000000     0.84319048
    0.040000000     0.79197088
    0.050000000     0.74163403
    0.060000000     0.69237927
    0.070000000     0.64439234
    0.080000000     0.59784338
    0.090000000     0.55288510
     0.10000000     0.50965148
     0.11000000     0.46825665
     0.12000000     0.42879429
     0.13000000     0.39133734
     0.14000000     0.35593807
     0.15000000     0.32262855
     0.16000000     0.29142132
     0.17000000     0.26231051
     0.18000000     0.23527304
     0.19000000     0.21027017
     0.20000000     0.18724904
     0.21000000     0.16614453
     0.22000000     0.14688096
     0.23000000     0.12937400
     0.24000000     0.11353248
     0.25000000    0.099260120
     0.26000000    0.086457265
     0.27000000    0.075022415
     0.28000000    0.064853690
     0.29000000    0.055850114
     0.30000000    0.047912755
     0.31000000    0.040945697
     0.32000000    0.034856847
     0.33000000    0.029558584
     0.34000000    0.024968249
     0.35000000    0.021008501
     0.36000000    0.017607529
     0.37000000    0.014699148
     0.38000000    0.012222799
     0.39000000    0.010123450
     0.40000000   0.0083514234
     0.41000000   0.0068621719
     0.42000000   0.0056159988
     0.43000000   0.0045777507
     0.44000000   0.0037164866
     0.45000000   0.0030051354
     0.46000000   0.0024201513
     0.47000000   0.0019411721
     0.48000000   0.0015506895
     0.49000000   0.0012337334
     0.50000000  0.00097757477
     0.51000000  0.00077144946
     0.52000000  0.00060630421
     0.53000000  0.00047456553
     0.54000000  0.00036993149
     0.55000000  0.00028718586
     0.56000000  0.00022203357
     0.57000000  0.00017095642
     0.58000000  0.00013108735
     0.59000000  0.00010010189
     0.60000000 7.6125025E-005
     0.61000000 5.7651953E-005
     0.62000000 4.3481023E-005
     0.63000000 3.2657465E-005
     0.64000000 2.4426436E-005
     0.65000000 1.8194102E-005
     0.66000000 1.3495597E-005
     0.67000000 9.9687944E-006
     0.68000000 7.3329786E-006
     0.69000000 5.3716002E-006
     0.70000000 3.9184176E-006
     0.71000000 2.8464259E-006
     0.72000000 2.0590628E-006
     0.73000000 1.4832634E-006
     0.74000000 1.0640070E-006
     0.75000000 7.6005793E-007
     0.76000000 5.4065915E-007
     0.77000000 3.8297788E-007
     0.78000000 2.7014428E-007
     0.79000000 1.8975295E-007
     0.80000000 1.3272439E-007
     0.81000000 9.2444516E-008
     0.82000000 6.4117799E-008
     0.83000000 4.4283500E-008
     0.84000000 3.0455799E-008
     0.85000000 2.0857467E-008
     0.86000000 1.4223787E-008
     0.87000000 9.6589332E-009
     0.88000000 6.5313098E-009
     0.89000000 4.3976701E-009
     0.90000000 2.9483770E-009
     0.91000000 1.9681162E-009
     0.92000000 1.3078334E-009
     0.93000000 8.6478978E-010
     0.94000000 5.6845086E-010
     0.95000000 3.7054351E-010
     0.96000000 2.3807291E-010
     0.97000000 1.4842158E-010
     0.98000000 8.5899444E-011
     0.99000000 3.9282327E-011
      1.0000000     0.00000000
