     0.00000000      1.0000000
    0.010000000     0.91605107
    0.020000000     0.83302889
    0.030000000     0.75182963
    0.040000000     0.67328998
    0.050000000     0.59816145
    0.060000000     0.52708926
    0.070000000     0.46059662
    0.080000000     0.39907520
    0.090000000     0.34278171
     0.10000000     0.29184055
     0.11000000     0.24625170
     0.12000000     0.20590321
     0.13000000     0.17058693
     0.14000000     0.14001650
     0.15000000     0.11384630
     0.16000000    0.091690282
     0.17000000    0.073139800
     0.18000000    0.057779571
     0.19000000    0.045201353
     0.20000000    0.035014981
     0.21000000    0.026856696
     0.22000000    0.020394840
     0.23000000    0.015333162
     0.24000000    0.011412036
     0.25000000   0.0084079946
     0.26000000   0.0061319533
     0.27000000   0.0044265259
     0.28000000   0.0031627638
     0.29000000   0.0022366244
     0.30000000   0.0015654023
     0.31000000   0.0010843024
     0.32000000  0.00074327987
     0.33000000  0.00050421823
     0.34000000  0.00033848269
     0.35000000  0.00022485077
     0.36000000  0.00014780231
     0.37000000 9.6136108E-005
     0.38000000 6.1872898E-005
     0.39000000 3.9401583E-005
     0.40000000 2.4826606E-005
     0.41000000 1.5477585E-005
     0.42000000 9.5469198E-006
     0.43000000 5.8262636E-006
     0.44000000 3.5178448E-006
     0.45000000 2.1014360E-006
     0.46000000 1.2419446E-006
     0.47000000 7.2615404E-007
     0.48000000 4.2003940E-007
     0.49000000 2.4037015E-007
     0.50000000 1.3608023E-007
     0.51000000 7.6212913E-008
     0.52000000 4.2225653E-008
     0.53000000 2.3143761E-008
     0.54000000 1.2548647E-008
     0.55000000 6.7307154E-009
     0.56000000 3.5712716E-009
     0.57000000 1.8744682E-009
     0.58000000 9.7324776E-010
     0.59000000 4.9986781E-010
     0.60000000 2.5396268E-010
     0.61000000 1.2763385E-010
     0.62000000 6.3450911E-011
     0.63000000 3.1202096E-011
     0.64000000 1.5177470E-011
     0.65000000 7.3027695E-012
     0.66000000 3.4757752E-012
     0.67000000 1.6361357E-012
     0.68000000 7.6216811E-013
     0.69000000 3.5099701E-013
     0.70000000 1.5959456E-013
     0.71000000 7.1997963E-014
     0.72000000 3.2140957E-014
     0.73000000 1.4099832E-014
     0.74000000 6.3837824E-015
     0.75000000 2.6367797E-015
     0.76000000 9.7144515E-016
     0.77000000 5.5511151E-016
     0.78000000     0.00000000
     0.79000000 1.1102230E-016
     0.80000000-8.3266727E-017
     0.81000000-2.7755576E-017
     0.82000000     0.00000000
     0.83000000 8.3266727E-017
     0.84000000-8.3266727E-017
     0.85000000     0.00000000
     0.86000000-5.5511151E-017
     0.87000000-2.7755576E-017
     0.88000000-1.6653345E-016
     0.89000000 5.5511151E-017
     0.90000000-2.7755576E-017
     0.91000000-1.2490009E-016
     0.92000000-1.3877788E-017
     0.93000000-6.9388939E-017
     0.94000000 6.9388939E-017
     0.95000000-6.9388939E-018
     0.96000000 6.2450045E-017
     0.97000000-1.0408341E-016
     0.98000000-7.6327833E-017
     0.99000000-6.5919492E-017
      1.0000000     0.00000000
