     0.00000000      1.0000000
    0.010000000     0.95317352
    0.020000000     0.90650818
    0.030000000     0.86016348
    0.040000000     0.81429560
    0.050000000     0.76905585
    0.060000000     0.72458919
    0.070000000     0.68103283
    0.080000000     0.63851494
    0.090000000     0.59715360
     0.10000000     0.55705581
     0.11000000     0.51831676
     0.12000000     0.48101920
     0.13000000     0.44523306
     0.14000000     0.41101526
     0.15000000     0.37840966
     0.16000000     0.34744723
     0.17000000     0.31814633
     0.18000000     0.29051323
     0.19000000     0.26454268
     0.20000000     0.24021866
     0.21000000     0.21751516
     0.22000000     0.19639715
     0.23000000     0.17682152
     0.24000000     0.15873805
     0.25000000     0.14209049
     0.26000000     0.12681757
     0.27000000     0.11285400
     0.28000000     0.10013147
     0.29000000    0.088579553
     0.30000000    0.078126649
     0.31000000    0.068700748
     0.32000000    0.060230198
     0.33000000    0.052644366
     0.34000000    0.045874225
     0.35000000    0.039852859
     0.36000000    0.034515883
     0.37000000    0.029801788
     0.38000000    0.025652207
     0.39000000    0.022012110
     0.40000000    0.018829930
     0.41000000    0.016057636
     0.42000000    0.013650744
     0.43000000    0.011568284
     0.44000000   0.0097727234
     0.45000000   0.0082298655
     0.46000000   0.0069087076
     0.47000000   0.0057812857
     0.48000000   0.0048225012
     0.49000000   0.0040099357
     0.50000000   0.0033236598
     0.51000000   0.0027460403
     0.52000000   0.0022615469
     0.53000000   0.0018565640
     0.54000000   0.0015192080
     0.55000000   0.0012391532
     0.56000000   0.0010074668
     0.57000000  0.00081645471
     0.58000000  0.00065951819
     0.59000000  0.00053102206
     0.60000000  0.00042617435
     0.61000000  0.00034091722
     0.62000000  0.00027182878
     0.63000000  0.00021603538
     0.64000000  0.00017113364
     0.65000000  0.00013512170
     0.66000000  0.00010633894
     0.67000000 8.3413302E-005
     0.68000000 6.5215738E-005
     0.69000000 5.0820863E-005
     0.70000000 3.9473226E-005
     0.71000000 3.0558545E-005
     0.72000000 2.3579290E-005
     0.73000000 1.8134073E-005
     0.74000000 1.3900333E-005
     0.75000000 1.0619864E-005
     0.76000000 8.0867732E-006
     0.77000000 6.1375198E-006
     0.78000000 4.6427004E-006
     0.79000000 3.5003164E-006
     0.80000000 2.6302780E-006
     0.81000000 1.9699378E-006
     0.82000000 1.4704784E-006
     0.83000000 1.0940033E-006
     0.84000000 8.1120539E-007
     0.85000000 5.9950500E-007
     0.86000000 4.4157130E-007
     0.87000000 3.2415170E-007
     0.88000000 2.3714979E-007
     0.89000000 1.7290195E-007
     0.90000000 1.2561203E-007
     0.91000000 9.0911569E-008
     0.92000000 6.5518743E-008
     0.93000000 4.6974981E-008
     0.94000000 3.3442054E-008
     0.95000000 2.3546088E-008
     0.96000000 1.6257651E-008
     0.97000000 1.0799288E-008
     0.98000000 6.5736124E-009
     0.99000000 3.1063799E-009
      1.0000000     0.00000000
