     0.00000000      1.0000000
    0.010000000     0.92403980
    0.020000000     0.84876650
    0.030000000     0.77484842
    0.040000000     0.70291756
    0.050000000     0.63355348
    0.060000000     0.56726944
    0.070000000     0.50450146
    0.080000000     0.44560053
    0.090000000     0.39082823
     0.10000000     0.34035574
     0.11000000     0.29426610
     0.12000000     0.25255932
     0.13000000     0.21515988
     0.14000000     0.18192622
     0.15000000     0.15266138
     0.16000000     0.12712443
     0.17000000     0.10504200
     0.18000000    0.086119468
     0.19000000    0.070051285
     0.20000000    0.056530277
     0.21000000    0.045255546
     0.22000000    0.035938931
     0.23000000    0.028309976
     0.24000000    0.022119462
     0.25000000    0.017141595
     0.26000000    0.013175030
     0.27000000    0.010042892
     0.28000000   0.0075920118
     0.29000000   0.0056915553
     0.30000000   0.0042312329
     0.31000000   0.0031192595
     0.32000000   0.0022801959
     0.33000000   0.0016527877
     0.34000000   0.0011878868
     0.35000000  0.00084651676
     0.36000000  0.00059812037
     0.37000000  0.00041901030
     0.38000000  0.00029102811
     0.39000000  0.00020040604
     0.40000000  0.00013681833
     0.41000000 9.2603573E-005
     0.42000000 6.2137521E-005
     0.43000000 4.1334811E-005
     0.44000000 2.7258835E-005
     0.45000000 1.7820575E-005
     0.46000000 1.1549237E-005
     0.47000000 7.4198719E-006
     0.48000000 4.7254773E-006
     0.49000000 2.9832935E-006
     0.50000000 1.8669920E-006
     0.51000000 1.1581916E-006
     0.52000000 7.1220561E-007
     0.53000000 4.3412337E-007
     0.54000000 2.6230083E-007
     0.55000000 1.5709451E-007
     0.56000000 9.3259576E-008
     0.57000000 5.4877387E-008
     0.58000000 3.2007927E-008
     0.59000000 1.8504721E-008
     0.60000000 1.0603891E-008
     0.61000000 6.0228592E-009
     0.62000000 3.3907203E-009
     0.63000000 1.8920398E-009
     0.64000000 1.0464418E-009
     0.65000000 5.7364535E-010
     0.66000000 3.1168318E-010
     0.67000000 1.6785018E-010
     0.68000000 8.9591945E-011
     0.69000000 4.7396642E-011
     0.70000000 2.4851787E-011
     0.71000000 1.2915280E-011
     0.72000000 6.6524564E-012
     0.73000000 3.3960057E-012
     0.74000000 1.7183477E-012
     0.75000000 8.6167184E-013
     0.76000000 4.2810200E-013
     0.77000000 2.1099789E-013
     0.78000000 1.0277890E-013
     0.79000000 4.9821258E-014
     0.80000000 2.3842039E-014
     0.81000000 1.1352030E-014
     0.82000000 5.2180482E-015
     0.83000000 2.5257574E-015
     0.84000000 1.1102230E-015
     0.85000000 4.7184479E-016
     0.86000000 1.9428903E-016
     0.87000000 8.3266727E-017
     0.88000000-1.5265567E-016
     0.89000000 4.1633363E-017
     0.90000000-4.1633363E-017
     0.91000000-1.6653345E-016
     0.92000000-1.3877788E-017
     0.93000000-8.3266727E-017
     0.94000000 5.5511151E-017
     0.95000000-6.9388939E-018
     0.96000000 4.8572257E-017
     0.97000000-9.3675068E-017
     0.98000000-9.0205621E-017
     0.99000000-4.1633363E-017
      1.0000000     0.00000000
