     0.00000000      1.0000000
    0.010000000     0.96567511
    0.020000000     0.93141372
    0.030000000     0.89727896
    0.040000000     0.86333329
    0.050000000     0.82963810
    0.060000000     0.79625341
    0.070000000     0.76323756
    0.080000000     0.73064686
    0.090000000     0.69853536
     0.10000000     0.66695453
     0.11000000     0.63595306
     0.12000000     0.60557662
     0.13000000     0.57586766
     0.14000000     0.54686527
     0.15000000     0.51860502
     0.16000000     0.49111885
     0.17000000     0.46443502
     0.18000000     0.43857803
     0.19000000     0.41356860
     0.20000000     0.38942370
     0.21000000     0.36615656
     0.22000000     0.34377676
     0.23000000     0.32229026
     0.24000000     0.30169958
     0.25000000     0.28200387
     0.26000000     0.26319908
     0.27000000     0.24527812
     0.28000000     0.22823104
     0.29000000     0.21204523
     0.30000000     0.19670560
     0.31000000     0.18219481
     0.32000000     0.16849347
     0.33000000     0.15558035
     0.34000000     0.14343262
     0.35000000     0.13202606
     0.36000000     0.12133525
     0.37000000     0.11133382
     0.38000000     0.10199463
     0.39000000    0.093289956
     0.40000000    0.085191696
     0.41000000    0.077671543
     0.42000000    0.070701145
     0.43000000    0.064252264
     0.44000000    0.058296919
     0.45000000    0.052807511
     0.46000000    0.047756948
     0.47000000    0.043118741
     0.48000000    0.038867104
     0.49000000    0.034977027
     0.50000000    0.031424346
     0.51000000    0.028185802
     0.52000000    0.025239078
     0.53000000    0.022562838
     0.54000000    0.020136751
     0.55000000    0.017941503
     0.56000000    0.015958804
     0.57000000    0.014171387
     0.58000000    0.012563000
     0.59000000    0.011118387
     0.60000000   0.0098232728
     0.61000000   0.0086643335
     0.62000000   0.0076291695
     0.63000000   0.0067062719
     0.64000000   0.0058849870
     0.65000000   0.0051554789
     0.66000000   0.0045086903
     0.67000000   0.0039363021
     0.68000000   0.0034306927
     0.69000000   0.0029848972
     0.70000000   0.0025925660
     0.71000000   0.0022479254
     0.72000000   0.0019457375
     0.73000000   0.0016812621
     0.74000000   0.0014502199
     0.75000000   0.0012487561
     0.76000000   0.0010734073
     0.77000000  0.00092106811
     0.78000000  0.00078896093
     0.79000000  0.00067460689
     0.80000000  0.00057579858
     0.81000000  0.00049057464
     0.82000000  0.00041719599
     0.83000000  0.00035412390
     0.84000000  0.00029999956
     0.85000000  0.00025362528
     0.86000000  0.00021394726
     0.87000000  0.00018003972
     0.88000000  0.00015109034
     0.89000000  0.00012638706
     0.90000000  0.00010530596
     0.91000000 8.7300216E-005
     0.92000000 7.1890078E-005
     0.93000000 5.8653670E-005
     0.94000000 4.7218620E-005
     0.95000000 3.7254369E-005
     0.96000000 2.8465086E-005
     0.97000000 2.0583102E-005
     0.98000000 1.3362767E-005
     0.99000000 6.5746518E-006
      1.0000000     0.00000000
