     0.00000000      1.0000000
    0.010000000     0.96963239
    0.020000000     0.93930875
    0.030000000     0.90907287
    0.040000000     0.87896815
    0.050000000     0.84903742
    0.060000000     0.81932278
    0.070000000     0.78986537
    0.080000000     0.76070525
    0.090000000     0.73188124
     0.10000000     0.70343070
     0.11000000     0.67538946
     0.12000000     0.64779166
     0.13000000     0.62066962
     0.14000000     0.59405373
     0.15000000     0.56797237
     0.16000000     0.54245180
     0.17000000     0.51751614
     0.18000000     0.49318726
     0.19000000     0.46948476
     0.20000000     0.44642596
     0.21000000     0.42402585
     0.22000000     0.40229714
     0.23000000     0.38125023
     0.24000000     0.36089322
     0.25000000     0.34123204
     0.26000000     0.32227038
     0.27000000     0.30400984
     0.28000000     0.28644996
     0.29000000     0.26958831
     0.30000000     0.25342057
     0.31000000     0.23794063
     0.32000000     0.22314069
     0.33000000     0.20901138
     0.34000000     0.19554183
     0.35000000     0.18271984
     0.36000000     0.17053194
     0.37000000     0.15896356
     0.38000000     0.14799910
     0.39000000     0.13762208
     0.40000000     0.12781526
     0.41000000     0.11856072
     0.42000000     0.10984001
     0.43000000     0.10163422
     0.44000000    0.093924150
     0.45000000    0.086690329
     0.46000000    0.079913171
     0.47000000    0.073573040
     0.48000000    0.067650345
     0.49000000    0.062125612
     0.50000000    0.056979563
     0.51000000    0.052193184
     0.52000000    0.047747782
     0.53000000    0.043625044
     0.54000000    0.039807088
     0.55000000    0.036276499
     0.56000000    0.033016378
     0.57000000    0.030010361
     0.58000000    0.027242657
     0.59000000    0.024698061
     0.60000000    0.022361974
     0.61000000    0.020220416
     0.62000000    0.018260029
     0.63000000    0.016468082
     0.64000000    0.014832472
     0.65000000    0.013341718
     0.66000000    0.011984955
     0.67000000    0.010751923
     0.68000000   0.0096329546
     0.69000000   0.0086189620
     0.70000000   0.0077014190
     0.71000000   0.0068723436
     0.72000000   0.0061242785
     0.73000000   0.0054502707
     0.74000000   0.0048438502
     0.75000000   0.0042990085
     0.76000000   0.0038101758
     0.77000000   0.0033721992
     0.78000000   0.0029803196
     0.79000000   0.0026301495
     0.80000000   0.0023176510
     0.81000000   0.0020391134
     0.82000000   0.0017911325
     0.83000000   0.0015705891
     0.84000000   0.0013746288
     0.85000000   0.0012006424
     0.86000000   0.0010462467
     0.87000000  0.00090926606
     0.88000000  0.00078771501
     0.89000000  0.00067978087
     0.90000000  0.00058380766
     0.91000000  0.00049828032
     0.92000000  0.00042180976
     0.93000000  0.00035311839
     0.94000000  0.00029102624
     0.95000000  0.00023443761
     0.96000000  0.00018232813
     0.97000000  0.00013373230
     0.98000000 8.7731241E-005
     0.99000000 4.3440831E-005
      1.0000000     0.00000000
