     0.00000000      1.0000000
    0.010000000     0.97161853
    0.020000000     0.94327296
    0.030000000     0.91499905
    0.040000000     0.88683229
    0.050000000     0.85880778
    0.060000000     0.83096006
    0.070000000     0.80332302
    0.080000000     0.77592975
    0.090000000     0.74881246
     0.10000000     0.72200231
     0.11000000     0.69552935
     0.12000000     0.66942242
     0.13000000     0.64370901
     0.14000000     0.61841522
     0.15000000     0.59356568
     0.16000000     0.56918347
     0.17000000     0.54529006
     0.18000000     0.52190526
     0.19000000     0.49904721
     0.20000000     0.47673229
     0.21000000     0.45497515
     0.22000000     0.43378869
     0.23000000     0.41318404
     0.24000000     0.39317055
     0.25000000     0.37375587
     0.26000000     0.35494589
     0.27000000     0.33674483
     0.28000000     0.31915526
     0.29000000     0.30217814
     0.30000000     0.28581287
     0.31000000     0.27005734
     0.32000000     0.25490804
     0.33000000     0.24036005
     0.34000000     0.22640719
     0.35000000     0.21304203
     0.36000000     0.20025601
     0.37000000     0.18803951
     0.38000000     0.17638192
     0.39000000     0.16527175
     0.40000000     0.15469668
     0.41000000     0.14464368
     0.42000000     0.13509905
     0.43000000     0.12604855
     0.44000000     0.11747746
     0.45000000     0.10937065
     0.46000000     0.10171266
     0.47000000    0.094487804
     0.48000000    0.087680196
     0.49000000    0.081273857
     0.50000000    0.075252757
     0.51000000    0.069600888
     0.52000000    0.064302316
     0.53000000    0.059341240
     0.54000000    0.054702036
     0.55000000    0.050369306
     0.56000000    0.046327919
     0.57000000    0.042563051
     0.58000000    0.039060213
     0.59000000    0.035805287
     0.60000000    0.032784547
     0.61000000    0.029984684
     0.62000000    0.027392822
     0.63000000    0.024996534
     0.64000000    0.022783855
     0.65000000    0.020743287
     0.66000000    0.018863809
     0.67000000    0.017134875
     0.68000000    0.015546417
     0.69000000    0.014088843
     0.70000000    0.012753029
     0.71000000    0.011530319
     0.72000000    0.010412511
     0.73000000   0.0093918474
     0.74000000   0.0084610094
     0.75000000   0.0076130987
     0.76000000   0.0068416262
     0.77000000   0.0061404981
     0.78000000   0.0055039997
     0.79000000   0.0049267802
     0.80000000   0.0044038364
     0.81000000   0.0039304960
     0.82000000   0.0035024007
     0.83000000   0.0031154891
     0.84000000   0.0027659797
     0.85000000   0.0024503539
     0.86000000   0.0021653388
     0.87000000   0.0019078900
     0.88000000   0.0016751756
     0.89000000   0.0014645588
     0.90000000   0.0012735822
     0.91000000   0.0010999514
     0.92000000  0.00094151923
     0.93000000  0.00079627006
     0.94000000  0.00066230466
     0.95000000  0.00053782495
     0.96000000  0.00042111912
     0.97000000  0.00031054696
     0.98000000  0.00020452531
     0.99000000  0.00010151369
      1.0000000     0.00000000
