     0.00000000      1.0000000
    0.010000000     0.96821993
    0.020000000     0.93649025
    0.030000000     0.90486113
    0.040000000     0.87338225
    0.050000000     0.84210257
    0.060000000     0.81107013
    0.070000000     0.78033179
    0.080000000     0.74993306
    0.090000000     0.71991785
     0.10000000     0.69032833
     0.11000000     0.66120471
     0.12000000     0.63258512
     0.13000000     0.60450544
     0.14000000     0.57699916
     0.15000000     0.55009732
     0.16000000     0.52382834
     0.17000000     0.49821803
     0.18000000     0.47328947
     0.19000000     0.44906297
     0.20000000     0.42555612
     0.21000000     0.40278369
     0.22000000     0.38075774
     0.23000000     0.35948758
     0.24000000     0.33897984
     0.25000000     0.31923856
     0.26000000     0.30026522
     0.27000000     0.28205888
     0.28000000     0.26461622
     0.29000000     0.24793171
     0.30000000     0.23199772
     0.31000000     0.21680462
     0.32000000     0.20234092
     0.33000000     0.18859344
     0.34000000     0.17554745
     0.35000000     0.16318677
     0.36000000     0.15149399
     0.37000000     0.14045055
     0.38000000     0.13003694
     0.39000000     0.12023280
     0.40000000     0.11101711
     0.41000000     0.10236827
     0.42000000    0.094264307
     0.43000000    0.086682923
     0.44000000    0.079601670
     0.45000000    0.072998045
     0.46000000    0.066849597
     0.47000000    0.061134030
     0.48000000    0.055829293
     0.49000000    0.050913664
     0.50000000    0.046365824
     0.51000000    0.042164928
     0.52000000    0.038290663
     0.53000000    0.034723297
     0.54000000    0.031443729
     0.55000000    0.028433521
     0.56000000    0.025674933
     0.57000000    0.023150940
     0.58000000    0.020845254
     0.59000000    0.018742332
     0.60000000    0.016827385
     0.61000000    0.015086375
     0.62000000    0.013506013
     0.63000000    0.012073749
     0.64000000    0.010777763
     0.65000000   0.0096069461
     0.66000000   0.0085508856
     0.67000000   0.0075998427
     0.68000000   0.0067447301
     0.69000000   0.0059770884
     0.70000000   0.0052890595
     0.71000000   0.0046733607
     0.72000000   0.0041232573
     0.73000000   0.0036325344
     0.74000000   0.0031954691
     0.75000000   0.0028068030
     0.76000000   0.0024617139
     0.77000000   0.0021557887
     0.78000000   0.0018849971
     0.79000000   0.0016456652
     0.80000000   0.0014344501
     0.81000000   0.0012483162
     0.82000000   0.0010845113
     0.83000000  0.00094054449
     0.84000000  0.00081416450
     0.85000000  0.00070333973
     0.86000000  0.00060623881
     0.87000000  0.00052121236
     0.88000000  0.00044677577
     0.89000000  0.00038159301
     0.90000000  0.00032446125
     0.91000000  0.00027429647
     0.92000000  0.00023011988
     0.93000000  0.00019104508
     0.94000000  0.00015626602
     0.95000000  0.00012504544
     0.96000000 9.6704057E-005
     0.97000000 7.0610086E-005
     0.98000000 4.6169281E-005
     0.99000000 2.2815242E-005
      1.0000000     0.00000000
