     0.00000000      1.0000000
    0.010000000     0.96598839
    0.020000000     0.93203856
    0.030000000     0.89821194
    0.040000000     0.86456930
    0.050000000     0.83117041
    0.060000000     0.79807372
    0.070000000     0.76533607
    0.080000000     0.73301238
    0.090000000     0.70115538
     0.10000000     0.66981536
     0.11000000     0.63903992
     0.12000000     0.60887378
     0.13000000     0.57935859
     0.14000000     0.55053275
     0.15000000     0.52243128
     0.16000000     0.49508576
     0.17000000     0.46852416
     0.18000000     0.44277087
     0.19000000     0.41784666
     0.20000000     0.39376863
     0.21000000     0.37055032
     0.22000000     0.34820168
     0.23000000     0.32672921
     0.24000000     0.30613604
     0.25000000     0.28642202
     0.26000000     0.26758391
     0.27000000     0.24961547
     0.28000000     0.23250769
     0.29000000     0.21624893
     0.30000000     0.20082512
     0.31000000     0.18621996
     0.32000000     0.17241510
     0.33000000     0.15939041
     0.34000000     0.14712410
     0.35000000     0.13559300
     0.36000000     0.12477274
     0.37000000     0.11463792
     0.38000000     0.10516239
     0.39000000    0.096319324
     0.40000000    0.088081512
     0.41000000    0.080421461
     0.42000000    0.073311588
     0.43000000    0.066724362
     0.44000000    0.060632447
     0.45000000    0.055008834
     0.46000000    0.049826950
     0.47000000    0.045060770
     0.48000000    0.040684909
     0.49000000    0.036674697
     0.50000000    0.033006258
     0.51000000    0.029656556
     0.52000000    0.026603455
     0.53000000    0.023825745
     0.54000000    0.021303176
     0.55000000    0.019016473
     0.56000000    0.016947348
     0.57000000    0.015078497
     0.58000000    0.013393603
     0.59000000    0.011877317
     0.60000000    0.010515244
     0.61000000   0.0092939218
     0.62000000   0.0082007956
     0.63000000   0.0072241859
     0.64000000   0.0063532577
     0.65000000   0.0055779854
     0.66000000   0.0048891162
     0.67000000   0.0042781319
     0.68000000   0.0037372107
     0.69000000   0.0032591875
     0.70000000   0.0028375152
     0.71000000   0.0024662258
     0.72000000   0.0021398923
     0.73000000   0.0018535911
     0.74000000   0.0016028659
     0.75000000   0.0013836930
     0.76000000   0.0011924473
     0.77000000   0.0010258703
     0.78000000  0.00088103980
     0.79000000  0.00075534080
     0.80000000  0.00064643839
     0.81000000  0.00055225220
     0.82000000  0.00047093251
     0.83000000  0.00040083797
     0.84000000  0.00034051499
     0.85000000  0.00028867853
     0.86000000  0.00024419452
     0.87000000  0.00020606356
     0.88000000  0.00017340594
     0.89000000  0.00014544803
     0.90000000  0.00012150962
     0.91000000  0.00010099251
     0.92000000 8.3369974E-005
     0.93000000 6.8177098E-005
     0.94000000 5.5001975E-005
     0.95000000 4.3477546E-005
     0.96000000 3.3274073E-005
     0.97000000 2.4092127E-005
     0.98000000 1.5656011E-005
     0.99000000 7.7075272E-006
      1.0000000     0.00000000
