     0.00000000      1.0000000
    0.010000000     0.97214232
    0.020000000     0.94431860
    0.030000000     0.91656264
    0.040000000     0.88890804
    0.050000000     0.86138800
    0.060000000     0.83403523
    0.070000000     0.80688185
    0.080000000     0.77995927
    0.090000000     0.75329803
     0.10000000     0.72692779
     0.11000000     0.70087716
     0.12000000     0.67517361
     0.13000000     0.64984344
     0.14000000     0.62491164
     0.15000000     0.60040185
     0.16000000     0.57633628
     0.17000000     0.55273569
     0.18000000     0.52961930
     0.19000000     0.50700476
     0.20000000     0.48490814
     0.21000000     0.46334388
     0.22000000     0.44232482
     0.23000000     0.42186213
     0.24000000     0.40196536
     0.25000000     0.38264244
     0.26000000     0.36389968
     0.27000000     0.34574182
     0.28000000     0.32817205
     0.29000000     0.31119204
     0.30000000     0.29480199
     0.31000000     0.27900068
     0.32000000     0.26378552
     0.33000000     0.24915263
     0.34000000     0.23509688
     0.35000000     0.22161195
     0.36000000     0.20869043
     0.37000000     0.19632387
     0.38000000     0.18450286
     0.39000000     0.17321709
     0.40000000     0.16245547
     0.41000000     0.15220616
     0.42000000     0.14245666
     0.43000000     0.13319391
     0.44000000     0.12440431
     0.45000000     0.11607388
     0.46000000     0.10818824
     0.47000000     0.10073274
     0.48000000    0.093692509
     0.49000000    0.087052512
     0.50000000    0.080797630
     0.51000000    0.074912704
     0.52000000    0.069382598
     0.53000000    0.064192249
     0.54000000    0.059326719
     0.55000000    0.054771233
     0.56000000    0.050511230
     0.57000000    0.046532393
     0.58000000    0.042820688
     0.59000000    0.039362394
     0.60000000    0.036144129
     0.61000000    0.033152872
     0.62000000    0.030375990
     0.63000000    0.027801246
     0.64000000    0.025416821
     0.65000000    0.023211320
     0.66000000    0.021173782
     0.67000000    0.019293684
     0.68000000    0.017560945
     0.69000000    0.015965928
     0.70000000    0.014499435
     0.71000000    0.013152705
     0.72000000    0.011917410
     0.73000000    0.010785645
     0.74000000   0.0097499218
     0.75000000   0.0088031569
     0.76000000   0.0079386619
     0.77000000   0.0071501308
     0.78000000   0.0064316267
     0.79000000   0.0057775680
     0.80000000   0.0051827142
     0.81000000   0.0046421507
     0.82000000   0.0041512730
     0.83000000   0.0037057718
     0.84000000   0.0033016162
     0.85000000   0.0029350382
     0.86000000   0.0026025160
     0.87000000   0.0023007582
     0.88000000   0.0020266874
     0.89000000   0.0017774242
     0.90000000   0.0015502710
     0.91000000   0.0013426962
     0.92000000   0.0011523185
     0.93000000  0.00097689135
     0.94000000  0.00081428714
     0.95000000  0.00066248236
     0.96000000  0.00051954219
     0.97000000  0.00038360556
     0.98000000  0.00025287023
     0.99000000  0.00012557800
      1.0000000     0.00000000
