     0.00000000      1.0000000
    0.010000000     0.97425286
    0.020000000     0.94853252
    0.030000000     0.92286570
    0.040000000     0.89727896
    0.050000000     0.87179860
    0.060000000     0.84645060
    0.070000000     0.82126051
    0.080000000     0.79625341
    0.090000000     0.77145383
     0.10000000     0.74688563
     0.11000000     0.72257200
     0.12000000     0.69853536
     0.13000000     0.67479727
     0.14000000     0.65137844
     0.15000000     0.62829863
     0.16000000     0.60557661
     0.17000000     0.58323012
     0.18000000     0.56127583
     0.19000000     0.53972931
     0.20000000     0.51860501
     0.21000000     0.49791621
     0.22000000     0.47767501
     0.23000000     0.45789237
     0.24000000     0.43857801
     0.25000000     0.41974049
     0.26000000     0.40138715
     0.27000000     0.38352416
     0.28000000     0.36615653
     0.29000000     0.34928810
     0.30000000     0.33292157
     0.31000000     0.31705854
     0.32000000     0.30169952
     0.33000000     0.28684399
     0.34000000     0.27249040
     0.35000000     0.25863622
     0.36000000     0.24527800
     0.37000000     0.23241138
     0.38000000     0.22003119
     0.39000000     0.20813143
     0.40000000     0.19670536
     0.41000000     0.18574555
     0.42000000     0.17524390
     0.43000000     0.16519175
     0.44000000     0.15557987
     0.45000000     0.14639853
     0.46000000     0.13763759
     0.47000000     0.12928648
     0.48000000     0.12133432
     0.49000000     0.11376993
     0.50000000     0.10658188
     0.51000000    0.099758552
     0.52000000    0.093288174
     0.53000000    0.087158865
     0.54000000    0.081358678
     0.55000000    0.075875639
     0.56000000    0.070697786
     0.57000000    0.065813203
     0.58000000    0.061210052
     0.59000000    0.056876608
     0.60000000    0.052801283
     0.61000000    0.048972657
     0.62000000    0.045379498
     0.63000000    0.042010787
     0.64000000    0.038855736
     0.65000000    0.035903807
     0.66000000    0.033144723
     0.67000000    0.030568486
     0.68000000    0.028165385
     0.69000000    0.025926008
     0.70000000    0.023841243
     0.71000000    0.021902290
     0.72000000    0.020100661
     0.73000000    0.018428182
     0.74000000    0.016876991
     0.75000000    0.015439543
     0.76000000    0.014108601
     0.77000000    0.012877234
     0.78000000    0.011738814
     0.79000000    0.010687006
     0.80000000   0.0097157633
     0.81000000   0.0088193179
     0.82000000   0.0079921720
     0.83000000   0.0072290882
     0.84000000   0.0065250782
     0.85000000   0.0058753921
     0.86000000   0.0052755065
     0.87000000   0.0047211120
     0.88000000   0.0042081008
     0.89000000   0.0037325531
     0.90000000   0.0032907243
     0.91000000   0.0028790307
     0.92000000   0.0024940358
     0.93000000   0.0021324359
     0.94000000   0.0017910459
     0.95000000   0.0014667847
     0.96000000   0.0011566607
     0.97000000  0.00085775663
     0.98000000  0.00056721516
     0.99000000  0.00028222380
      1.0000000     0.00000000
