     0.00000000      1.0000000
    0.010000000     0.96535301
    0.020000000     0.93077131
    0.030000000     0.89631985
    0.040000000     0.86206281
    0.050000000     0.82806330
    0.060000000     0.79438298
    0.070000000     0.76108175
    0.080000000     0.72821738
    0.090000000     0.69584527
     0.10000000     0.66401815
     0.11000000     0.63278582
     0.12000000     0.60219493
     0.13000000     0.57228878
     0.14000000     0.54310713
     0.15000000     0.51468611
     0.16000000     0.48705807
     0.17000000     0.46025148
     0.18000000     0.43429096
     0.19000000     0.40919717
     0.20000000     0.38498690
     0.21000000     0.36167307
     0.22000000     0.33926479
     0.23000000     0.31776749
     0.24000000     0.29718299
     0.25000000     0.27750969
     0.26000000     0.25874270
     0.27000000     0.24087399
     0.28000000     0.22389264
     0.29000000     0.20778500
     0.30000000     0.19253491
     0.31000000     0.17812393
     0.32000000     0.16453156
     0.33000000     0.15173545
     0.34000000     0.13971166
     0.35000000     0.12843488
     0.36000000     0.11787862
     0.37000000     0.10801548
     0.38000000    0.098817312
     0.39000000    0.090255450
     0.40000000    0.082300899
     0.41000000    0.074924509
     0.42000000    0.068097148
     0.43000000    0.061789864
     0.44000000    0.055974019
     0.45000000    0.050621432
     0.46000000    0.045704485
     0.47000000    0.041196235
     0.48000000    0.037070502
     0.49000000    0.033301946
     0.50000000    0.029866133
     0.51000000    0.026739587
     0.52000000    0.023899833
     0.53000000    0.021325424
     0.54000000    0.018995967
     0.55000000    0.016892126
     0.56000000    0.014995630
     0.57000000    0.013289268
     0.58000000    0.011756871
     0.59000000    0.010383296
     0.60000000   0.0091544031
     0.61000000   0.0080570248
     0.62000000   0.0070789334
     0.63000000   0.0062088051
     0.64000000   0.0054361818
     0.65000000   0.0047514300
     0.66000000   0.0041456996
     0.67000000   0.0036108812
     0.68000000   0.0031395630
     0.69000000   0.0027249880
     0.70000000   0.0023610117
     0.71000000   0.0020420603
     0.72000000   0.0017630903
     0.73000000   0.0015195490
     0.74000000   0.0013073369
     0.75000000   0.0011227710
     0.76000000  0.00096255067
     0.77000000  0.00082372480
     0.78000000  0.00070366081
     0.79000000  0.00060001573
     0.80000000  0.00051070901
     0.81000000  0.00043389728
     0.82000000  0.00036795081
     0.83000000  0.00031143183
     0.84000000  0.00026307448
     0.85000000  0.00022176644
     0.86000000  0.00018653205
     0.87000000  0.00015651688
     0.88000000  0.00013097374
     0.89000000  0.00010924981
     0.90000000 9.0775087E-005
     0.91000000 7.5051808E-005
     0.92000000 6.1644862E-005
     0.93000000 5.0173102E-005
     0.94000000 4.0301419E-005
     0.95000000 3.1733513E-005
     0.96000000 2.4205252E-005
     0.97000000 1.7478551E-005
     0.98000000 1.1335661E-005
     0.99000000 5.5737941E-006
      1.0000000     0.00000000
