     0.00000000      1.0000000
    0.010000000     0.92726447
    0.020000000     0.85513214
    0.030000000     0.78419123
    0.040000000     0.71500065
    0.050000000     0.64807687
    0.060000000     0.58388242
    0.070000000     0.52281665
    0.080000000     0.46520882
    0.090000000     0.41131379
     0.10000000     0.36131043
     0.11000000     0.31530245
     0.12000000     0.27332168
     0.13000000     0.23533327
     0.14000000     0.20124262
     0.15000000     0.17090352
     0.16000000     0.14412703
     0.17000000     0.12069080
     0.18000000     0.10034825
     0.19000000    0.082837425
     0.20000000    0.067889155
     0.21000000    0.055234254
     0.22000000    0.044609718
     0.23000000    0.035763767
     0.24000000    0.028459737
     0.25000000    0.022478873
     0.26000000    0.017622091
     0.27000000    0.013710830
     0.28000000    0.010587137
     0.29000000   0.0081131173
     0.30000000   0.0061698993
     0.31000000   0.0046562572
     0.32000000   0.0034870049
     0.33000000   0.0025912758
     0.34000000   0.0019107751
     0.35000000   0.0013980746
     0.36000000   0.0010150009
     0.37000000  0.00073115395
     0.38000000  0.00052257540
     0.39000000  0.00037057721
     0.40000000  0.00026072963
     0.41000000  0.00018200222
     0.42000000  0.00012604645
     0.43000000 8.6605524E-005
     0.44000000 5.9035780E-005
     0.45000000 3.9923975E-005
     0.46000000 2.6785223E-005
     0.47000000 1.7827661E-005
     0.48000000 1.1771339E-005
     0.49000000 7.7105405E-006
     0.50000000 5.0103320E-006
     0.51000000 3.2297312E-006
     0.52000000 2.0652858E-006
     0.53000000 1.3100977E-006
     0.54000000 8.2439062E-007
     0.55000000 5.1459365E-007
     0.56000000 3.1863555E-007
     0.57000000 1.9571268E-007
     0.58000000 1.1924367E-007
     0.59000000 7.2067611E-008
     0.60000000 4.3204630E-008
     0.61000000 2.5692295E-008
     0.62000000 1.5154972E-008
     0.63000000 8.8671542E-009
     0.64000000 5.1462126E-009
     0.65000000 2.9625314E-009
     0.66000000 1.6916387E-009
     0.67000000 9.5811858E-010
     0.68000000 5.3826482E-010
     0.69000000 2.9994052E-010
     0.70000000 1.6578100E-010
     0.71000000 9.0885244E-011
     0.72000000 4.9420745E-011
     0.73000000 2.6654845E-011
     0.74000000 1.4259427E-011
     0.75000000 7.5661977E-012
     0.76000000 3.9818149E-012
     0.77000000 2.0787261E-012
     0.78000000 1.0760282E-012
     0.79000000 5.5261351E-013
     0.80000000 2.8138603E-013
     0.81000000 1.4205304E-013
     0.82000000 7.1109785E-014
     0.83000000 3.5416114E-014
     0.84000000 1.7347235E-014
     0.85000000 8.5487173E-015
     0.86000000 4.1355808E-015
     0.87000000 1.9706459E-015
     0.88000000 7.9103391E-016
     0.89000000 4.3021142E-016
     0.90000000 2.0816682E-016
     0.91000000-8.3266727E-017
     0.92000000 5.5511151E-017
     0.93000000-1.3877788E-017
     0.94000000 7.6327833E-017
     0.95000000-6.9388939E-018
     0.96000000 4.8572257E-017
     0.97000000-6.5919492E-017
     0.98000000-8.6736174E-017
     0.99000000-2.9490299E-017
      1.0000000     0.00000000
