     0.00000000      1.0000000
    0.010000000     0.97006295
    0.020000000     0.94016804
    0.030000000     0.91035720
    0.040000000     0.88067205
    0.050000000     0.85115365
    0.060000000     0.82184237
    0.070000000     0.79277772
    0.080000000     0.76399818
    0.090000000     0.73554106
     0.10000000     0.70744234
     0.11000000     0.67973656
     0.12000000     0.65245667
     0.13000000     0.62563392
     0.14000000     0.59929776
     0.15000000     0.57347576
     0.16000000     0.54819351
     0.17000000     0.52347457
     0.18000000     0.49934039
     0.19000000     0.47581030
     0.20000000     0.45290147
     0.21000000     0.43062888
     0.22000000     0.40900534
     0.23000000     0.38804147
     0.24000000     0.36774575
     0.25000000     0.34812454
     0.26000000     0.32918212
     0.27000000     0.31092073
     0.28000000     0.29334068
     0.29000000     0.27644036
     0.30000000     0.26021634
     0.31000000     0.24466349
     0.32000000     0.22977502
     0.33000000     0.21554261
     0.34000000     0.20195649
     0.35000000     0.18900557
     0.36000000     0.17667752
     0.37000000     0.16495890
     0.38000000     0.15383527
     0.39000000     0.14329126
     0.40000000     0.13331075
     0.41000000     0.12387692
     0.42000000     0.11497236
     0.43000000     0.10657922
     0.44000000    0.098679251
     0.45000000    0.091253942
     0.46000000    0.084284595
     0.47000000    0.077752416
     0.48000000    0.071638600
     0.49000000    0.065924404
     0.50000000    0.060591224
     0.51000000    0.055620658
     0.52000000    0.050994571
     0.53000000    0.046695147
     0.54000000    0.042704943
     0.55000000    0.039006930
     0.56000000    0.035584534
     0.57000000    0.032421670
     0.58000000    0.029502769
     0.59000000    0.026812803
     0.60000000    0.024337302
     0.61000000    0.022062372
     0.62000000    0.019974702
     0.63000000    0.018061571
     0.64000000    0.016310850
     0.65000000    0.014711003
     0.66000000    0.013251078
     0.67000000    0.011920708
     0.68000000    0.010710093
     0.69000000   0.0096099946
     0.70000000   0.0086117198
     0.71000000   0.0077071052
     0.72000000   0.0068885008
     0.73000000   0.0061487521
     0.74000000   0.0054811807
     0.75000000   0.0048795646
     0.76000000   0.0043381176
     0.77000000   0.0038514687
     0.78000000   0.0034146412
     0.79000000   0.0030230312
     0.80000000   0.0026723867
     0.81000000   0.0023587871
     0.82000000   0.0020786219
     0.83000000   0.0018285710
     0.84000000   0.0016055847
     0.85000000   0.0014068643
     0.86000000   0.0012298434
     0.87000000   0.0010721695
     0.88000000  0.00093168675
     0.89000000  0.00080641839
     0.90000000  0.00069455056
     0.91000000  0.00059441630
     0.92000000  0.00050448027
     0.93000000  0.00042332388
     0.94000000  0.00034963099
     0.95000000  0.00028217407
     0.96000000  0.00021980071
     0.97000000  0.00016142058
     0.98000000  0.00010599259
     0.99000000 5.2512387E-005
      1.0000000     0.00000000
