     0.00000000      1.0000000
    0.010000000     0.93886499
    0.020000000     0.87808837
    0.030000000     0.81802223
    0.040000000     0.75900627
    0.050000000     0.70136205
    0.060000000     0.64538775
    0.070000000     0.59135362
    0.080000000     0.53949820
    0.090000000     0.49002536
     0.10000000     0.44310233
     0.11000000     0.39885859
     0.12000000     0.35738572
     0.13000000     0.31873806
     0.14000000     0.28293430
     0.15000000     0.24995961
     0.16000000     0.21976848
     0.17000000     0.19228798
     0.18000000     0.16742137
     0.19000000     0.14505194
     0.20000000     0.12504688
     0.21000000     0.10726116
     0.22000000    0.091541265
     0.23000000    0.077728701
     0.24000000    0.065663192
     0.25000000    0.055185551
     0.26000000    0.046140147
     0.27000000    0.038376979
     0.28000000    0.031753341
     0.29000000    0.026135094
     0.30000000    0.021397569
     0.31000000    0.017426121
     0.32000000    0.014116389
     0.33000000    0.011374289
     0.34000000   0.0091157873
     0.35000000   0.0072665015
     0.36000000   0.0057611628
     0.37000000   0.0045429840
     0.38000000   0.0035629652
     0.39000000   0.0027791669
     0.40000000   0.0021559763
     0.41000000   0.0016633881
     0.42000000   0.0012763145
     0.43000000  0.00097393666
     0.44000000  0.00073910712
     0.45000000  0.00055780532
     0.46000000  0.00041865055
     0.47000000  0.00031247106
     0.48000000  0.00023192770
     0.49000000  0.00017118900
     0.50000000  0.00012565375
     0.51000000 9.1716511E-005
     0.52000000 6.6571492E-005
     0.53000000 4.8050085E-005
     0.54000000 3.4487499E-005
     0.55000000 2.4614305E-005
     0.56000000 1.7469024E-005
     0.57000000 1.2328260E-005
     0.58000000 8.6513544E-006
     0.59000000 6.0368829E-006
     0.60000000 4.1887556E-006
     0.61000000 2.8900029E-006
     0.62000000 1.9826681E-006
     0.63000000 1.3525016E-006
     0.64000000 9.1740111E-007
     0.65000000 6.1874568E-007
     0.66000000 4.1494867E-007
     0.67000000 2.7669655E-007
     0.68000000 1.8345867E-007
     0.69000000 1.2094724E-007
     0.70000000 7.9282068E-008
     0.71000000 5.1674165E-008
     0.72000000 3.3488037E-008
     0.73000000 2.1578534E-008
     0.74000000 1.3825109E-008
     0.75000000 8.8069998E-009
     0.76000000 5.5782586E-009
     0.77000000 3.5130076E-009
     0.78000000 2.1997220E-009
     0.79000000 1.3695046E-009
     0.80000000 8.4774399E-010
     0.81000000 5.2175927E-010
     0.82000000 3.1928507E-010
     0.83000000 1.9426252E-010
     0.84000000 1.1751666E-010
     0.85000000 7.0682210E-011
     0.86000000 4.2268633E-011
     0.87000000 2.5131869E-011
     0.88000000 1.4856727E-011
     0.89000000 8.7322094E-012
     0.90000000 5.1027932E-012
     0.91000000 2.9646147E-012
     0.92000000 1.7124774E-012
     0.93000000 9.8336617E-013
     0.94000000 5.6132182E-013
     0.95000000 3.1805114E-013
     0.96000000 1.7853774E-013
     0.97000000 9.8168002E-014
     0.98000000 5.1122301E-014
     0.99000000 2.1805474E-014
      1.0000000     0.00000000
