     0      1.0000000
     1     0.60208181
     2     0.60167093
     3     0.57706355
     4     0.56752191
     5     0.54072316
     6     0.53401205
     7     0.51629839
     8     0.50511322
     9     0.48881483
    10     0.47247078
    11     0.45261140
    12     0.44416545
    13     0.41942111
    14     0.40814463
    15     0.40348795
    16     0.38148283
    17     0.36733017
    18     0.35399927
    19     0.33153762
    20     0.32601351
    21     0.31364134
    22     0.30396275
    23     0.29506026
    24     0.27798576
    25     0.26369613
    26     0.25036523
    27     0.24598247
    28     0.23456903
    29     0.22215121
    30     0.21480095
    31     0.19996348
    32     0.19174580
    33     0.18380205
    34     0.17266253
    35     0.16275566
    36     0.15284879
    37     0.14892257
    38     0.14248539
    39     0.13066107
    40     0.12618700
    41     0.11974982
    42     0.10902118
    43     0.10819942
    44     0.10126004
    45    0.090896640
    46    0.089161797
    47    0.081857195
    48    0.075648283
    49    0.070443755
    50    0.069530679
    51    0.067841490
    52    0.061541271
    53    0.057112856
    54    0.052730095
    55    0.048164719
    56    0.044968955
    57    0.040631848
    58    0.037573046
    59    0.038668736
    60    0.034559898
    61    0.030907597
    62    0.028579255
    63    0.028853178
    64    0.025657414
    65    0.021639883
    66    0.019905040
    67    0.020270270
    68    0.016937546
    69    0.016800584
    70    0.016344047
    71    0.014883126
    72    0.014107012
    73    0.013559167
    74    0.011185172
    75    0.010226443
    76   0.0089937911
    77   0.0084459459
    78   0.0077611395
    79   0.0074415632
    80   0.0065741417
    81   0.0057523740
    82   0.0056154127
    83   0.0052045289
    84   0.0053414901
    85   0.0050675676
    86   0.0037892622
    87   0.0029674945
    88   0.0029674945
    89   0.0028305332
    90   0.0026022644
    91   0.0020087655
    92   0.0013239591
    93   0.0013239591
    94   0.0013239591
    95   0.0010500365
    96  0.00095872900
    97  0.00045653762
    98  0.00054784514
    99  0.00031957633
   100     0.00000000
