     0      1.0000000
     1     0.59803125
     2     0.57992414
     3     0.57459586
     4     0.54777386
     5     0.54276167
     6     0.53255667
     7     0.50514766
     8     0.49516843
     9     0.48238960
    10     0.47227490
    11     0.45127788
    12     0.43994401
    13     0.42477197
    14     0.39953039
    15     0.38124266
    16     0.37609501
    17     0.35753635
    18     0.34150637
    19     0.33143683
    20     0.31969656
    21     0.31165899
    22     0.30149914
    23     0.28257925
    24     0.27571570
    25     0.26307234
    26     0.25458322
    27     0.24094645
    28     0.22545832
    29     0.21918179
    30     0.21073783
    31     0.19800415
    32     0.19001174
    33     0.17027906
    34     0.16856317
    35     0.16499594
    36     0.15894518
    37     0.14259911
    38     0.14142509
    39     0.12873657
    40     0.12313736
    41     0.11496433
    42     0.11261627
    43     0.10110178
    44    0.098482796
    45    0.091574099
    46    0.086155513
    47    0.081956109
    48    0.078434029
    49    0.071615642
    50    0.066016436
    51    0.064119931
    52    0.059243204
    53    0.055675969
    54    0.050347693
    55    0.047819019
    56    0.044658178
    57    0.040774858
    58    0.039194437
    59    0.038246184
    60    0.036710918
    61    0.031834191
    62    0.030615009
    63    0.026821999
    64    0.024473946
    65    0.025241579
    66    0.022306511
    67    0.020906710
    68    0.018648966
    69    0.017610404
    70    0.013772239
    71    0.013365845
    72    0.012236973
    73    0.013546464
    74    0.010746862
    75    0.010430778
    76   0.0097534543
    77   0.0087600470
    78   0.0087600470
    79   0.0064571480
    80   0.0069086968
    81   0.0065926127
    82   0.0055088955
    83   0.0051476565
    84   0.0050573467
    85   0.0047864174
    86   0.0039736295
    87   0.0034317710
    88   0.0030253770
    89   0.0023028989
    90   0.0018965050
    91   0.0026189831
    92   0.0016255757
    93   0.0013998013
    94   0.0011740269
    95  0.00090309762
    96  0.00081278786
    97  0.00072247810
    98  0.00040639393
    99  0.00036123905
   100     0.00000000
