     0      1.0000000
     1     0.61253483
     2     0.59618108
     3     0.57827418
     4     0.55196199
     5     0.54849025
     6     0.52519300
     7     0.51934585
     8     0.49824129
     9     0.47585766
    10     0.46224476
    11     0.45959527
    12     0.44465762
    13     0.42081221
    14     0.41254397
    15     0.40222009
    16     0.37513133
    17     0.36462473
    18     0.35096615
    19     0.33703348
    20     0.32323786
    21     0.31816728
    22     0.30428030
    23     0.28203371
    24     0.26855785
    25     0.26289343
    26     0.25174729
    27     0.23959618
    28     0.22639441
    29     0.22155224
    30     0.21364944
    31     0.20035631
    32     0.19281897
    33     0.18509890
    34     0.17495775
    35     0.16321776
    36     0.15814718
    37     0.15102097
    38     0.13503266
    39     0.13361655
    40     0.12475447
    41     0.11634918
    42     0.10703029
    43     0.10479192
    44     0.10250788
    45    0.093143301
    46    0.090311087
    47    0.082499657
    48    0.078022932
    49    0.076378420
    50    0.069663332
    51    0.064227308
    52    0.063816180
    53    0.061121009
    54    0.052898451
    55    0.047188342
    56    0.046640172
    57    0.045361107
    58    0.039970764
    59    0.039696679
    60    0.035950847
    61    0.032479101
    62    0.028824631
    63    0.027682609
    64    0.025444246
    65    0.025855374
    66    0.021789777
    67    0.018729158
    68    0.017632817
    69    0.017221689
    70    0.016399434
    71    0.013841305
    72    0.014115390
    73    0.010826367
    74    0.011602942
    75    0.010552282
    76   0.0088620894
    77   0.0086336851
    78   0.0072632589
    79   0.0063953223
    80   0.0072632589
    81   0.0058471518
    82   0.0054360239
    83   0.0044767256
    84   0.0050248961
    85   0.0041112786
    86   0.0034717464
    87   0.0035174273
    88   0.0035631081
    89   0.0025581289
    90   0.0016445114
    91   0.0017815541
    92   0.0015988306
    93   0.0012790645
    94   0.0017358732
    95  0.00095929834
    96  0.00091361747
    97  0.00059385135
    98  0.00063953223
    99  0.00013704262
   100     0.00000000
