     0      1.0000000
     1     0.97420000
     2     0.95210000
     3     0.93730000
     4     0.91390000
     5     0.88200000
     6     0.84110000
     7     0.82120000
     8     0.78780000
     9     0.78640000
    10     0.74260000
    11     0.73650000
    12     0.70850000
    13     0.68380000
    14     0.65760000
    15     0.64750000
    16     0.62240000
    17     0.58550000
    18     0.57380000
    19     0.53320000
    20     0.53150000
    21     0.51720000
    22     0.47910000
    23     0.46780000
    24     0.43810000
    25     0.42610000
    26     0.42800000
    27     0.39010000
    28     0.37650000
    29     0.35760000
    30     0.35340000
    31     0.31900000
    32     0.31260000
    33     0.29820000
    34     0.28790000
    35     0.26710000
    36     0.25580000
    37     0.24770000
    38     0.23260000
    39     0.21880000
    40     0.20180000
    41     0.19280000
    42     0.17830000
    43     0.17850000
    44     0.16830000
    45     0.15510000
    46     0.14480000
    47     0.13980000
    48     0.12690000
    49     0.12410000
    50     0.11710000
    51     0.11030000
    52    0.099600000
    53    0.097700000
    54    0.089400000
    55    0.082600000
    56    0.075200000
    57    0.074000000
    58    0.070400000
    59    0.058900000
    60    0.057200000
    61    0.053600000
    62    0.049400000
    63    0.049300000
    64    0.040500000
    65    0.036800000
    66    0.030600000
    67    0.033000000
    68    0.032400000
    69    0.027600000
    70    0.025100000
    71    0.024900000
    72    0.021700000
    73    0.021600000
    74    0.020700000
    75    0.015600000
    76    0.015100000
    77    0.013000000
    78    0.016100000
    79    0.012100000
    80    0.010800000
    81   0.0089000000
    82   0.0089000000
    83   0.0087000000
    84   0.0068000000
    85   0.0057000000
    86   0.0059000000
    87   0.0048000000
    88   0.0060000000
    89   0.0050000000
    90   0.0039000000
    91   0.0032000000
    92   0.0039000000
    93   0.0012000000
    94   0.0024000000
    95   0.0024000000
    96   0.0020000000
    97   0.0012000000
    98  0.00050000000
    99  0.00050000000
   100     0.00000000
