     0      1.0000000
     1     0.97400000
     2     0.94920000
     3     0.94050000
     4     0.88170000
     5     0.86810000
     6     0.86110000
     7     0.81980000
     8     0.81100000
     9     0.77750000
    10     0.75010000
    11     0.72980000
    12     0.69880000
    13     0.67950000
    14     0.65810000
    15     0.63370000
    16     0.61250000
    17     0.59730000
    18     0.56620000
    19     0.53800000
    20     0.52630000
    21     0.51050000
    22     0.47520000
    23     0.46510000
    24     0.45500000
    25     0.42310000
    26     0.40200000
    27     0.38720000
    28     0.38060000
    29     0.36700000
    30     0.32650000
    31     0.31840000
    32     0.30560000
    33     0.29990000
    34     0.28570000
    35     0.26250000
    36     0.26080000
    37     0.24960000
    38     0.22680000
    39     0.22110000
    40     0.20350000
    41     0.19660000
    42     0.18090000
    43     0.16720000
    44     0.16630000
    45     0.16260000
    46     0.15110000
    47     0.13450000
    48     0.13310000
    49     0.12080000
    50     0.11280000
    51     0.10940000
    52    0.093000000
    53    0.090000000
    54    0.085000000
    55    0.086400000
    56    0.081400000
    57    0.067300000
    58    0.064300000
    59    0.062000000
    60    0.059400000
    61    0.053500000
    62    0.050200000
    63    0.045000000
    64    0.043500000
    65    0.041300000
    66    0.036700000
    67    0.033700000
    68    0.030400000
    69    0.029500000
    70    0.030100000
    71    0.022700000
    72    0.021600000
    73    0.020900000
    74    0.021000000
    75    0.018600000
    76    0.016800000
    77    0.016300000
    78    0.015900000
    79    0.013300000
    80    0.012300000
    81    0.010300000
    82    0.010900000
    83   0.0076000000
    84   0.0066000000
    85   0.0064000000
    86   0.0059000000
    87   0.0068000000
    88   0.0034000000
    89   0.0046000000
    90   0.0039000000
    91   0.0029000000
    92   0.0040000000
    93   0.0030000000
    94   0.0019000000
    95   0.0018000000
    96  0.00080000000
    97  0.00070000000
    98  0.00040000000
    99  0.00050000000
   100     0.00000000
