     0      1.0000000
     1     0.55255100
     2     0.50285014
     3     0.45503368
     4     0.40731144
     5     0.36175625
     6     0.32326754
     7     0.27893720
     8     0.24379328
     9     0.21072219
    10     0.17840486
    11     0.14792481
    12     0.12842135
    13     0.10317049
    14    0.089744194
    15    0.070947378
    16    0.059923682
    17    0.047628021
    18    0.039242474
    19    0.031987563
    20    0.024073114
    21    0.017901729
    22    0.015923117
    23    0.010317049
    24   0.0072549112
    25   0.0068780327
    26   0.0041456635
    27   0.0030621378
    28   0.0024026005
    29   0.0020728318
    30   0.0015075140
    31   0.0010364159
    32  0.00070664719
    33  0.00061242757
    34  0.00037687850
    35 4.7109813E-005
    36     0.00000000
    37 9.4219626E-005
    38  0.00018843925
    39     0.00000000
    40     0.00000000
    41     0.00000000
    42     0.00000000
    43     0.00000000
    44     0.00000000
    45     0.00000000
    46 4.7109813E-005
    47     0.00000000
    48     0.00000000
    49     0.00000000
    50     0.00000000
    51     0.00000000
    52     0.00000000
    53     0.00000000
    54     0.00000000
    55     0.00000000
    56     0.00000000
    57     0.00000000
    58     0.00000000
    59     0.00000000
    60     0.00000000
    61     0.00000000
    62     0.00000000
    63     0.00000000
    64     0.00000000
    65     0.00000000
    66     0.00000000
    67     0.00000000
    68     0.00000000
    69     0.00000000
    70     0.00000000
    71     0.00000000
    72     0.00000000
    73     0.00000000
    74     0.00000000
    75     0.00000000
    76     0.00000000
    77     0.00000000
    78     0.00000000
    79     0.00000000
    80     0.00000000
    81     0.00000000
    82     0.00000000
    83     0.00000000
    84     0.00000000
    85     0.00000000
    86     0.00000000
    87     0.00000000
    88     0.00000000
    89     0.00000000
    90     0.00000000
    91     0.00000000
    92     0.00000000
    93     0.00000000
    94     0.00000000
    95     0.00000000
    96     0.00000000
    97     0.00000000
    98     0.00000000
    99     0.00000000
   100     0.00000000
