     0      1.0000000
     1     0.97090000
     2     0.94980000
     3     0.94460000
     4     0.90010000
     5     0.88460000
     6     0.85570000
     7     0.82620000
     8     0.79980000
     9     0.77210000
    10     0.75470000
    11     0.72120000
    12     0.71810000
    13     0.67670000
    14     0.64340000
    15     0.63720000
    16     0.63350000
    17     0.58680000
    18     0.57970000
    19     0.54800000
    20     0.51640000
    21     0.50700000
    22     0.48660000
    23     0.47040000
    24     0.44510000
    25     0.42430000
    26     0.41490000
    27     0.39320000
    28     0.37150000
    29     0.34970000
    30     0.35100000
    31     0.32370000
    32     0.31520000
    33     0.29190000
    34     0.28470000
    35     0.27390000
    36     0.25240000
    37     0.24170000
    38     0.22610000
    39     0.22130000
    40     0.20640000
    41     0.19310000
    42     0.18150000
    43     0.17360000
    44     0.16240000
    45     0.14930000
    46     0.14210000
    47     0.14050000
    48     0.12810000
    49     0.11930000
    50     0.10920000
    51     0.10770000
    52    0.096400000
    53    0.093000000
    54    0.087100000
    55    0.085100000
    56    0.081900000
    57    0.073200000
    58    0.064500000
    59    0.060200000
    60    0.057100000
    61    0.056700000
    62    0.049500000
    63    0.047800000
    64    0.046600000
    65    0.040200000
    66    0.034900000
    67    0.034600000
    68    0.030200000
    69    0.028500000
    70    0.026500000
    71    0.025500000
    72    0.022400000
    73    0.019300000
    74    0.017600000
    75    0.019400000
    76    0.018200000
    77    0.012800000
    78    0.014300000
    79    0.012500000
    80    0.010900000
    81   0.0095000000
    82   0.0098000000
    83   0.0097000000
    84   0.0052000000
    85   0.0061000000
    86   0.0054000000
    87   0.0048000000
    88   0.0048000000
    89   0.0049000000
    90   0.0038000000
    91   0.0038000000
    92   0.0027000000
    93   0.0029000000
    94   0.0025000000
    95   0.0014000000
    96   0.0021000000
    97   0.0010000000
    98  0.00050000000
    99  0.00050000000
   100     0.00000000
