     0      1.0000000
     1     0.55198265
     2     0.50742609
     3     0.45570277
     4     0.40680843
     5     0.36244047
     6     0.31750672
     7     0.28478476
     8     0.24569758
     9     0.20915649
    10     0.18166816
    11     0.15059644
    12     0.12678580
    13     0.10632279
    14    0.089537461
    15    0.070583243
    16    0.057334151
    17    0.049224386
    18    0.037436937
    19    0.029280023
    20    0.024800792
    21    0.017162525
    22    0.013343392
    23    0.010844453
    24   0.0079211655
    25   0.0060823235
    26   0.0044792305
    27   0.0026875383
    28   0.0023103400
    29   0.0016973926
    30   0.0013201943
    31  0.00075439672
    32  0.00066009713
    33  0.00042434815
    34  0.00033004856
    35  0.00023574897
    36  0.00018859918
    37 9.4299590E-005
    38 4.7149795E-005
    39     0.00000000
    40 4.7149795E-005
    41     0.00000000
    42 4.7149795E-005
    43     0.00000000
    44     0.00000000
    45     0.00000000
    46     0.00000000
    47     0.00000000
    48     0.00000000
    49     0.00000000
    50     0.00000000
    51     0.00000000
    52     0.00000000
    53     0.00000000
    54     0.00000000
    55     0.00000000
    56     0.00000000
    57     0.00000000
    58     0.00000000
    59     0.00000000
    60     0.00000000
    61     0.00000000
    62     0.00000000
    63     0.00000000
    64     0.00000000
    65     0.00000000
    66     0.00000000
    67     0.00000000
    68     0.00000000
    69     0.00000000
    70     0.00000000
    71     0.00000000
    72     0.00000000
    73     0.00000000
    74     0.00000000
    75     0.00000000
    76     0.00000000
    77     0.00000000
    78     0.00000000
    79     0.00000000
    80     0.00000000
    81     0.00000000
    82     0.00000000
    83     0.00000000
    84     0.00000000
    85     0.00000000
    86     0.00000000
    87     0.00000000
    88     0.00000000
    89     0.00000000
    90     0.00000000
    91     0.00000000
    92     0.00000000
    93     0.00000000
    94     0.00000000
    95     0.00000000
    96     0.00000000
    97     0.00000000
    98     0.00000000
    99     0.00000000
   100     0.00000000
