     0      1.0000000
     1     0.91920000
     2     0.82570000
     3     0.75650000
     4     0.69020000
     5     0.60630000
     6     0.55520000
     7     0.47880000
     8     0.43680000
     9     0.37410000
    10     0.31620000
    11     0.26440000
    12     0.22390000
    13     0.19470000
    14     0.15950000
    15     0.13800000
    16     0.11020000
    17    0.092600000
    18    0.069800000
    19    0.058600000
    20    0.047900000
    21    0.032200000
    22    0.028700000
    23    0.021200000
    24    0.017600000
    25    0.012500000
    26   0.0095000000
    27   0.0070000000
    28   0.0042000000
    29   0.0031000000
    30   0.0026000000
    31   0.0020000000
    32   0.0013000000
    33  0.00060000000
    34  0.00020000000
    35  0.00070000000
    36  0.00040000000
    37  0.00010000000
    38     0.00000000
    39  0.00010000000
    40     0.00000000
    41     0.00000000
    42  0.00010000000
    43     0.00000000
    44     0.00000000
    45     0.00000000
    46     0.00000000
    47     0.00000000
    48     0.00000000
    49     0.00000000
    50     0.00000000
    51     0.00000000
    52     0.00000000
    53     0.00000000
    54     0.00000000
    55     0.00000000
    56     0.00000000
    57     0.00000000
    58     0.00000000
    59     0.00000000
    60     0.00000000
    61     0.00000000
    62     0.00000000
    63     0.00000000
    64     0.00000000
    65     0.00000000
    66     0.00000000
    67     0.00000000
    68     0.00000000
    69     0.00000000
    70     0.00000000
    71     0.00000000
    72     0.00000000
    73     0.00000000
    74     0.00000000
    75     0.00000000
    76     0.00000000
    77     0.00000000
    78     0.00000000
    79     0.00000000
    80     0.00000000
    81     0.00000000
    82     0.00000000
    83     0.00000000
    84     0.00000000
    85     0.00000000
    86     0.00000000
    87     0.00000000
    88     0.00000000
    89     0.00000000
    90     0.00000000
    91     0.00000000
    92     0.00000000
    93     0.00000000
    94     0.00000000
    95     0.00000000
    96     0.00000000
    97     0.00000000
    98     0.00000000
    99     0.00000000
   100     0.00000000
