     0      1.0000000
     1     0.93390000
     2     0.83430000
     3     0.78020000
     4     0.68700000
     5     0.62060000
     6     0.55100000
     7     0.48040000
     8     0.42950000
     9     0.37240000
    10     0.31600000
    11     0.27460000
    12     0.22740000
    13     0.19600000
    14     0.16450000
    15     0.13650000
    16     0.10760000
    17    0.087700000
    18    0.074800000
    19    0.051900000
    20    0.045100000
    21    0.033900000
    22    0.027900000
    23    0.019700000
    24    0.017500000
    25    0.012500000
    26    0.011400000
    27   0.0060000000
    28   0.0060000000
    29   0.0036000000
    30   0.0028000000
    31   0.0019000000
    32   0.0016000000
    33   0.0014000000
    34   0.0010000000
    35  0.00050000000
    36  0.00040000000
    37     0.00000000
    38  0.00010000000
    39  0.00010000000
    40     0.00000000
    41     0.00000000
    42     0.00000000
    43     0.00000000
    44     0.00000000
    45     0.00000000
    46     0.00000000
    47     0.00000000
    48     0.00000000
    49     0.00000000
    50     0.00000000
    51     0.00000000
    52     0.00000000
    53     0.00000000
    54     0.00000000
    55     0.00000000
    56     0.00000000
    57     0.00000000
    58     0.00000000
    59     0.00000000
    60     0.00000000
    61     0.00000000
    62     0.00000000
    63     0.00000000
    64     0.00000000
    65     0.00000000
    66     0.00000000
    67     0.00000000
    68     0.00000000
    69     0.00000000
    70     0.00000000
    71     0.00000000
    72     0.00000000
    73     0.00000000
    74     0.00000000
    75     0.00000000
    76     0.00000000
    77     0.00000000
    78     0.00000000
    79     0.00000000
    80     0.00000000
    81     0.00000000
    82     0.00000000
    83     0.00000000
    84     0.00000000
    85     0.00000000
    86     0.00000000
    87     0.00000000
    88     0.00000000
    89     0.00000000
    90     0.00000000
    91     0.00000000
    92     0.00000000
    93     0.00000000
    94     0.00000000
    95     0.00000000
    96     0.00000000
    97     0.00000000
    98     0.00000000
    99     0.00000000
   100     0.00000000
