     0      1.0000000
     1     0.91290000
     2     0.85370000
     3     0.75590000
     4     0.69100000
     5     0.61890000
     6     0.54600000
     7     0.47890000
     8     0.44140000
     9     0.38060000
    10     0.30930000
    11     0.27860000
    12     0.22800000
    13     0.19370000
    14     0.16280000
    15     0.12810000
    16     0.10860000
    17    0.086800000
    18    0.073900000
    19    0.057500000
    20    0.043900000
    21    0.031300000
    22    0.027000000
    23    0.019500000
    24    0.017300000
    25    0.013200000
    26   0.0081000000
    27   0.0051000000
    28   0.0045000000
    29   0.0033000000
    30   0.0025000000
    31   0.0023000000
    32  0.00070000000
    33  0.00080000000
    34  0.00050000000
    35  0.00010000000
    36  0.00040000000
    37  0.00010000000
    38  0.00020000000
    39  0.00010000000
    40     0.00000000
    41  0.00010000000
    42     0.00000000
    43     0.00000000
    44     0.00000000
    45     0.00000000
    46     0.00000000
    47     0.00000000
    48     0.00000000
    49     0.00000000
    50     0.00000000
    51     0.00000000
    52     0.00000000
    53     0.00000000
    54     0.00000000
    55     0.00000000
    56     0.00000000
    57     0.00000000
    58     0.00000000
    59     0.00000000
    60     0.00000000
    61     0.00000000
    62     0.00000000
    63     0.00000000
    64     0.00000000
    65     0.00000000
    66     0.00000000
    67     0.00000000
    68     0.00000000
    69     0.00000000
    70     0.00000000
    71     0.00000000
    72     0.00000000
    73     0.00000000
    74     0.00000000
    75     0.00000000
    76     0.00000000
    77     0.00000000
    78     0.00000000
    79     0.00000000
    80     0.00000000
    81     0.00000000
    82     0.00000000
    83     0.00000000
    84     0.00000000
    85     0.00000000
    86     0.00000000
    87     0.00000000
    88     0.00000000
    89     0.00000000
    90     0.00000000
    91     0.00000000
    92     0.00000000
    93     0.00000000
    94     0.00000000
    95     0.00000000
    96     0.00000000
    97     0.00000000
    98     0.00000000
    99     0.00000000
   100     0.00000000
