     0     0.18753755
     1     0.10362406
     2    0.094303283
     3    0.085335901
     4    0.076386189
     5    0.067842881
     6    0.060624801
     7    0.052311199
     8    0.045720394
     9    0.039518323
    10    0.033457610
    11    0.027741457
    12    0.024083825
    13    0.019348341
    14    0.016830406
    15    0.013305297
    16    0.011237940
    17   0.0089320423
    18   0.0073594374
    19   0.0059988691
    20   0.0045146129
    21   0.0033572464
    22   0.0029861823
    23   0.0019348341
    24   0.0013605683
    25   0.0012898894
    26  0.00077746758
    27  0.00057426582
    28  0.00045057780
    29  0.00038873379
    30  0.00028271548
    31  0.00019436689
    32  0.00013252288
    33  0.00011485316
    34 7.0678871E-005
    35 8.8348588E-006
    36     0.00000000
    37 1.7669718E-005
    38 3.5339435E-005
    39     0.00000000
    40     0.00000000
    41     0.00000000
    42     0.00000000
    43     0.00000000
    44     0.00000000
    45     0.00000000
    46 8.8348588E-006
    47     0.00000000
    48     0.00000000
    49     0.00000000
    50     0.00000000
    51     0.00000000
    52     0.00000000
    53     0.00000000
    54     0.00000000
    55     0.00000000
    56     0.00000000
    57     0.00000000
    58     0.00000000
    59     0.00000000
    60     0.00000000
    61     0.00000000
    62     0.00000000
    63     0.00000000
    64     0.00000000
    65     0.00000000
    66     0.00000000
    67     0.00000000
    68     0.00000000
    69     0.00000000
    70     0.00000000
    71     0.00000000
    72     0.00000000
    73     0.00000000
    74     0.00000000
    75     0.00000000
    76     0.00000000
    77     0.00000000
    78     0.00000000
    79     0.00000000
    80     0.00000000
    81     0.00000000
    82     0.00000000
    83     0.00000000
    84     0.00000000
    85     0.00000000
    86     0.00000000
    87     0.00000000
    88     0.00000000
    89     0.00000000
    90     0.00000000
    91     0.00000000
    92     0.00000000
    93     0.00000000
    94     0.00000000
    95     0.00000000
    96     0.00000000
    97     0.00000000
    98     0.00000000
    99     0.00000000
   100     0.00000000
