     0     0.18623286
     1     0.10437062
     2    0.092953708
     3    0.085371753
     4    0.077393989
     5    0.067560317
     6    0.060127891
     7    0.052757034
     8    0.045702826
     9    0.039932800
    10    0.033617437
    11    0.028894108
    12    0.024293919
    13    0.019517816
    14    0.016245789
    15    0.013809360
    16    0.010722045
    17   0.0090860314
    18   0.0076523208
    19   0.0054181949
    20   0.0044506601
    21   0.0035271042
    22   0.0026651186
    23   0.0020142316
    24   0.0014425064
    25   0.0010994714
    26  0.00086198556
    27  0.00065088705
    28  0.00039580969
    29  0.00037821815
    30  0.00031664776
    31  0.00021109850
    32  0.00012314079
    33 4.3978855E-005
    34 5.2774626E-005
    35 4.3978855E-005
    36 2.6387313E-005
    37 8.7957710E-006
    38 8.7957710E-006
    39 1.7591542E-005
    40     0.00000000
    41     0.00000000
    42     0.00000000
    43     0.00000000
    44     0.00000000
    45     0.00000000
    46     0.00000000
    47     0.00000000
    48     0.00000000
    49     0.00000000
    50     0.00000000
    51     0.00000000
    52     0.00000000
    53     0.00000000
    54     0.00000000
    55     0.00000000
    56     0.00000000
    57     0.00000000
    58     0.00000000
    59     0.00000000
    60     0.00000000
    61     0.00000000
    62     0.00000000
    63     0.00000000
    64     0.00000000
    65     0.00000000
    66     0.00000000
    67     0.00000000
    68     0.00000000
    69     0.00000000
    70     0.00000000
    71     0.00000000
    72     0.00000000
    73     0.00000000
    74     0.00000000
    75     0.00000000
    76     0.00000000
    77     0.00000000
    78     0.00000000
    79     0.00000000
    80     0.00000000
    81     0.00000000
    82     0.00000000
    83     0.00000000
    84     0.00000000
    85     0.00000000
    86     0.00000000
    87     0.00000000
    88     0.00000000
    89     0.00000000
    90     0.00000000
    91     0.00000000
    92     0.00000000
    93     0.00000000
    94     0.00000000
    95     0.00000000
    96     0.00000000
    97     0.00000000
    98     0.00000000
    99     0.00000000
   100     0.00000000
