     0    0.061318470
     1    0.036918736
     2    0.036893541
     3    0.035384654
     4    0.034799576
     5    0.033156317
     6    0.032744802
     7    0.031658628
     8    0.030972770
     9    0.029973378
    10    0.028971186
    11    0.027753438
    12    0.027235546
    13    0.025718261
    14    0.025026804
    15    0.024741264
    16    0.023391944
    17    0.022524124
    18    0.021706694
    19    0.020329380
    20    0.019990650
    21    0.019232007
    22    0.018638531
    23    0.018092644
    24    0.017045661
    25    0.016169443
    26    0.015352013
    27    0.015083269
    28    0.014383414
    29    0.013621972
    30    0.013171266
    31    0.012261455
    32    0.011757559
    33    0.011270460
    34    0.010587402
    35   0.0099799282
    36   0.0093724543
    37   0.0091317043
    38   0.0087369862
    39   0.0080119367
    40   0.0077375937
    41   0.0073428756
    42   0.0066850122
    43   0.0066346227
    44   0.0062091110
    45   0.0055736429
    46   0.0054672650
    47   0.0050193580
    48   0.0046386370
    49   0.0043195033
    50   0.0042635149
    51   0.0041599364
    52   0.0037736166
    53   0.0035020730
    54   0.0032333288
    55   0.0029533869
    56   0.0027574276
    57   0.0024914828
    58   0.0023039217
    59   0.0023711078
    60   0.0021191601
    61   0.0018952066
    62   0.0017524362
    63   0.0017692327
    64   0.0015732734
    65   0.0013269245
    66   0.0012205466
    67   0.0012429420
    68   0.0010385844
    69   0.0010301861
    70   0.0010021919
    71  0.00091261054
    72  0.00086502042
    73  0.00083142740
    74  0.00068585762
    75  0.00062706982
    76  0.00055148551
    77  0.00051789249
    78  0.00047590120
    79  0.00045630527
    80  0.00040311631
    81  0.00035272677
    82  0.00034432852
    83  0.00031913375
    84  0.00032753200
    85  0.00031073549
    86  0.00023235176
    87  0.00018196222
    88  0.00018196222
    89  0.00017356397
    90  0.00015956687
    91  0.00012317443
    92 8.1183146E-005
    93 8.1183146E-005
    94 8.1183146E-005
    95 6.4386633E-005
    96 5.8787796E-005
    97 2.7994188E-005
    98 3.3593026E-005
    99 1.9595932E-005
   100     0.00000000
