     0    0.038942175
     1    0.037929678
     2    0.036963912
     3    0.036625115
     4    0.034335315
     5    0.033805702
     6    0.033533107
     7    0.031924795
     8    0.031582104
     9    0.030277541
    10    0.029210525
    11    0.028419999
    12    0.027212792
    13    0.026461208
    14    0.025627845
    15    0.024677656
    16    0.023852082
    17    0.023260161
    18    0.022049059
    19    0.020950890
    20    0.020495267
    21    0.019879980
    22    0.018505321
    23    0.018112005
    24    0.017718690
    25    0.016476434
    26    0.015654754
    27    0.015078410
    28    0.014821392
    29    0.014291778
    30    0.012714620
    31    0.012399188
    32    0.011900729
    33    0.011678758
    34    0.011125779
    35    0.010222321
    36    0.010156119
    37   0.0097199668
    38   0.0088320852
    39   0.0086101148
    40   0.0079247326
    41   0.0076560316
    42   0.0070446394
    43   0.0065111316
    44   0.0064760837
    45   0.0063319976
    46   0.0058841626
    47   0.0052377225
    48   0.0051832035
    49   0.0047042147
    50   0.0043926773
    51   0.0042602739
    52   0.0036216223
    53   0.0035047957
    54   0.0033100849
    55   0.0033646039
    56   0.0031698930
    57   0.0026208084
    58   0.0025039818
    59   0.0024144148
    60   0.0023131652
    61   0.0020834063
    62   0.0019548972
    63   0.0017523979
    64   0.0016939846
    65   0.0016083118
    66   0.0014291778
    67   0.0013123513
    68   0.0011838421
    69   0.0011487942
    70   0.0011721595
    71  0.00088398737
    72  0.00084115097
    73  0.00081389145
    74  0.00081778567
    75  0.00072432445
    76  0.00065422854
    77  0.00063475745
    78  0.00061918058
    79  0.00051793092
    80  0.00047898875
    81  0.00040110440
    82  0.00042446970
    83  0.00029596053
    84  0.00025701835
    85  0.00024922992
    86  0.00022975883
    87  0.00026480679
    88  0.00013240339
    89  0.00017913400
    90  0.00015187448
    91  0.00011293231
    92  0.00015576870
    93  0.00011682652
    94 7.3990132E-005
    95 7.0095915E-005
    96 3.1153740E-005
    97 2.7259522E-005
    98 1.5576870E-005
    99 1.9471087E-005
   100     0.00000000
