     0     0.11781894
     1     0.10755691
     2     0.10058203
     3    0.089059334
     4    0.081412885
     5    0.072918139
     6    0.064329139
     7    0.056423488
     8    0.052005278
     9    0.044841887
    10    0.036441397
    11    0.032824356
    12    0.026862717
    13    0.022821528
    14    0.019180923
    15    0.015092606
    16    0.012795136
    17    0.010226684
    18   0.0087068194
    19   0.0067745888
    20   0.0051722513
    21   0.0036877327
    22   0.0031811113
    23   0.0022974692
    24   0.0020382676
    25   0.0015552100
    26  0.00095433338
    27  0.00060087657
    28  0.00053018521
    29  0.00038880249
    30  0.00029454734
    31  0.00027098355
    32 8.2473255E-005
    33 9.4255149E-005
    34 5.8909468E-005
    35 1.1781894E-005
    36 4.7127574E-005
    37 1.1781894E-005
    38 2.3563787E-005
    39 1.1781894E-005
    40     0.00000000
    41 1.1781894E-005
    42     0.00000000
    43     0.00000000
    44     0.00000000
    45     0.00000000
    46     0.00000000
    47     0.00000000
    48     0.00000000
    49     0.00000000
    50     0.00000000
    51     0.00000000
    52     0.00000000
    53     0.00000000
    54     0.00000000
    55     0.00000000
    56     0.00000000
    57     0.00000000
    58     0.00000000
    59     0.00000000
    60     0.00000000
    61     0.00000000
    62     0.00000000
    63     0.00000000
    64     0.00000000
    65     0.00000000
    66     0.00000000
    67     0.00000000
    68     0.00000000
    69     0.00000000
    70     0.00000000
    71     0.00000000
    72     0.00000000
    73     0.00000000
    74     0.00000000
    75     0.00000000
    76     0.00000000
    77     0.00000000
    78     0.00000000
    79     0.00000000
    80     0.00000000
    81     0.00000000
    82     0.00000000
    83     0.00000000
    84     0.00000000
    85     0.00000000
    86     0.00000000
    87     0.00000000
    88     0.00000000
    89     0.00000000
    90     0.00000000
    91     0.00000000
    92     0.00000000
    93     0.00000000
    94     0.00000000
    95     0.00000000
    96     0.00000000
    97     0.00000000
    98     0.00000000
    99     0.00000000
   100     0.00000000
