     0    0.038809179
     1    0.037807902
     2    0.036950219
     3    0.036375844
     4    0.035467709
     5    0.034229696
     6    0.032642401
     7    0.031870098
     8    0.030573871
     9    0.030519538
    10    0.028819696
    11    0.028582960
    12    0.027496303
    13    0.026537717
    14    0.025520916
    15    0.025128943
    16    0.024154833
    17    0.022722774
    18    0.022268707
    19    0.020693054
    20    0.020627079
    21    0.020072107
    22    0.018593478
    23    0.018154934
    24    0.017002301
    25    0.016536591
    26    0.016610329
    27    0.015139461
    28    0.014611656
    29    0.013878162
    30    0.013715164
    31    0.012380128
    32    0.012131749
    33    0.011572897
    34    0.011173163
    35    0.010365932
    36   0.0099273880
    37   0.0096130337
    38   0.0090270151
    39   0.0084914484
    40   0.0078316924
    41   0.0074824097
    42   0.0069196766
    43   0.0069274385
    44   0.0065315849
    45   0.0060193037
    46   0.0056195691
    47   0.0054255232
    48   0.0049248848
    49   0.0048162191
    50   0.0045445549
    51   0.0042806525
    52   0.0038653942
    53   0.0037916568
    54   0.0034695406
    55   0.0032056382
    56   0.0029184503
    57   0.0028718793
    58   0.0027321662
    59   0.0022858607
    60   0.0022198850
    61   0.0020801720
    62   0.0019171734
    63   0.0019132925
    64   0.0015717718
    65   0.0014281778
    66   0.0011875609
    67   0.0012807029
    68   0.0012574174
    69   0.0010711333
    70  0.00097411040
    71  0.00096634856
    72  0.00084215919
    73  0.00083827827
    74  0.00080335001
    75  0.00060542319
    76  0.00058601861
    77  0.00050451933
    78  0.00062482778
    79  0.00046959107
    80  0.00041913913
    81  0.00034540169
    82  0.00034540169
    83  0.00033763986
    84  0.00026390242
    85  0.00022121232
    86  0.00022897416
    87  0.00018628406
    88  0.00023285507
    89  0.00019404590
    90  0.00015135580
    91  0.00012418937
    92  0.00015135580
    93 4.6571015E-005
    94 9.3142030E-005
    95 9.3142030E-005
    96 7.7618358E-005
    97 4.6571015E-005
    98 1.9404590E-005
    99 1.9404590E-005
   100     0.00000000
