     0    0.062148684
     1    0.037166855
     2    0.036041522
     3    0.035710377
     4    0.034043425
     5    0.033731924
     6    0.033097696
     7    0.031394262
     8    0.030774066
     9    0.029979879
    10    0.029351264
    11    0.028046327
    12    0.027341941
    13    0.026399019
    14    0.024830288
    15    0.023693730
    16    0.023373810
    17    0.022220414
    18    0.021224171
    19    0.020598363
    20    0.019868721
    21    0.019369196
    22    0.018737775
    23    0.017561928
    24    0.017135368
    25    0.016349600
    26    0.015822012
    27    0.014974505
    28    0.014011938
    29    0.013621860
    30    0.013097079
    31    0.012305698
    32    0.011808980
    33    0.010582619
    34    0.010475979
    35    0.010254280
    36   0.0098782339
    37   0.0088623474
    38   0.0087893831
    39   0.0080008082
    40   0.0076528250
    41   0.0071448817
    42   0.0069989532
    43   0.0062833425
    44   0.0061205762
    45   0.0056912098
    46   0.0053544518
    47   0.0050934644
    48   0.0048745717
    49   0.0044508179
    50   0.0041028347
    51   0.0039849694
    52   0.0036818872
    53   0.0034601882
    54   0.0031290428
    55   0.0029718891
    56   0.0027754470
    57   0.0025341038
    58   0.0024358827
    59   0.0023769500
    60   0.0022815353
    61   0.0019784531
    62   0.0019026826
    63   0.0016669520
    64   0.0015210235
    65   0.0015687309
    66   0.0013863203
    67   0.0012993245
    68   0.0011590087
    69   0.0010944634
    70  0.00085592652
    71  0.00083066967
    72  0.00076051176
    73  0.00084189494
    74  0.00066790332
    75  0.00064825910
    76  0.00060616435
    77  0.00054442539
    78  0.00054442539
    79  0.00040130325
    80  0.00042936642
    81  0.00040972220
    82  0.00034237061
    83  0.00031992008
    84  0.00031430744
    85  0.00029746954
    86  0.00024695585
    87  0.00021328005
    88  0.00018802320
    89  0.00014312214
    90  0.00011786529
    91  0.00016276635
    92  0.00010102739
    93 8.6995810E-005
    94 7.2964228E-005
    95 5.6126329E-005
    96 5.0513696E-005
    97 4.4901063E-005
    98 2.5256848E-005
    99 2.2450532E-005
   100     0.00000000
