     0    0.061480520
     1    0.037658960
     2    0.036653523
     3    0.035552597
     4    0.033934911
     5    0.033721466
     6    0.032289139
     7    0.031929653
     8    0.030632134
     9    0.029255976
    10    0.028419048
    11    0.028256156
    12    0.027337782
    13    0.025871753
    14    0.025363418
    15    0.024728700
    16    0.023063270
    17    0.022417318
    18    0.021577582
    19    0.020720994
    20    0.019872832
    21    0.019561090
    22    0.018707311
    23    0.017339579
    24    0.016511077
    25    0.016162825
    26    0.015477555
    27    0.014730498
    28    0.013918846
    29    0.013621147
    30    0.013135279
    31    0.012318010
    32    0.011854610
    33    0.011379977
    34    0.010756493
    35    0.010034713
    36   0.0097229712
    37   0.0092848477
    38   0.0083018783
    39   0.0082148153
    40   0.0076699694
    41   0.0071532084
    42   0.0065802777
    43   0.0064426620
    44   0.0063022378
    45   0.0057264986
    46   0.0055523726
    47   0.0050721219
    48   0.0047968904
    49   0.0046957850
    50   0.0042829379
    51   0.0039487283
    52   0.0039234520
    53   0.0037577514
    54   0.0032522243
    55   0.0029011638
    56   0.0028674620
    57   0.0027888245
    58   0.0024574234
    59   0.0024405725
    60   0.0022102768
    61   0.0019968320
    62   0.0017721533
    63   0.0017019412
    64   0.0015643255
    65   0.0015896019
    66   0.0013396468
    67   0.0011514784
    68   0.0010840748
    69   0.0010587984
    70   0.0010082457
    71  0.00085097061
    72  0.00086782152
    73  0.00066561068
    74  0.00071335490
    75  0.00064875977
    76  0.00054484587
    77  0.00053080345
    78  0.00044654894
    79  0.00039318774
    80  0.00044654894
    81  0.00035948594
    82  0.00033420958
    83  0.00027523142
    84  0.00030893323
    85  0.00025276355
    86  0.00021344477
    87  0.00021625326
    88  0.00021906174
    89  0.00015727510
    90  0.00010110542
    91  0.00010953087
    92 9.8296935E-005
    93 7.8637548E-005
    94  0.00010672239
    95 5.8978161E-005
    96 5.6169677E-005
    97 3.6510290E-005
    98 3.9318774E-005
    99 8.4254516E-006
   100     0.00000000
