     0     0.11816560
     1     0.10861782
     2    0.097569334
     3    0.089392274
     4    0.081557895
     5    0.071643802
     6    0.065605540
     7    0.056577688
     8    0.051614733
     9    0.044205750
    10    0.037363962
    11    0.031242984
    12    0.026457277
    13    0.023006842
    14    0.018847413
    15    0.016306852
    16    0.013021849
    17    0.010942134
    18   0.0082479587
    19   0.0069245040
    20   0.0056601321
    21   0.0038049322
    22   0.0033913526
    23   0.0025051107
    24   0.0020797145
    25   0.0014770700
    26   0.0011225732
    27  0.00082715918
    28  0.00049629551
    29  0.00036631335
    30  0.00030723055
    31  0.00023633119
    32  0.00015361528
    33 7.0899358E-005
    34 2.3633119E-005
    35 8.2715918E-005
    36 4.7266239E-005
    37 1.1816560E-005
    38     0.00000000
    39 1.1816560E-005
    40     0.00000000
    41     0.00000000
    42 1.1816560E-005
    43     0.00000000
    44     0.00000000
    45     0.00000000
    46     0.00000000
    47     0.00000000
    48     0.00000000
    49     0.00000000
    50     0.00000000
    51     0.00000000
    52     0.00000000
    53     0.00000000
    54     0.00000000
    55     0.00000000
    56     0.00000000
    57     0.00000000
    58     0.00000000
    59     0.00000000
    60     0.00000000
    61     0.00000000
    62     0.00000000
    63     0.00000000
    64     0.00000000
    65     0.00000000
    66     0.00000000
    67     0.00000000
    68     0.00000000
    69     0.00000000
    70     0.00000000
    71     0.00000000
    72     0.00000000
    73     0.00000000
    74     0.00000000
    75     0.00000000
    76     0.00000000
    77     0.00000000
    78     0.00000000
    79     0.00000000
    80     0.00000000
    81     0.00000000
    82     0.00000000
    83     0.00000000
    84     0.00000000
    85     0.00000000
    86     0.00000000
    87     0.00000000
    88     0.00000000
    89     0.00000000
    90     0.00000000
    91     0.00000000
    92     0.00000000
    93     0.00000000
    94     0.00000000
    95     0.00000000
    96     0.00000000
    97     0.00000000
    98     0.00000000
    99     0.00000000
   100     0.00000000
