     0     0.18741495
     1     0.10344980
     2    0.095099235
     3    0.085405510
     4    0.076241981
     5    0.067926762
     6    0.059505505
     7    0.053372921
     8    0.046047399
     9    0.039199053
    10    0.034047329
    11    0.028224025
    12    0.023761554
    13    0.019926480
    14    0.016780659
    15    0.013228355
    16    0.010745277
    17   0.0092253857
    18   0.0070162416
    19   0.0054875139
    20   0.0046480392
    21   0.0032165138
    22   0.0025007511
    23   0.0020324126
    24   0.0014845448
    25   0.0011399184
    26  0.00083947475
    27  0.00050368485
    28  0.00043299224
    29  0.00031811675
    30  0.00024742414
    31  0.00014138522
    32  0.00012371207
    33 7.9529187E-005
    34 6.1856034E-005
    35 4.4182882E-005
    36 3.5346305E-005
    37 1.7673153E-005
    38 8.8365764E-006
    39     0.00000000
    40 8.8365764E-006
    41     0.00000000
    42 8.8365764E-006
    43     0.00000000
    44     0.00000000
    45     0.00000000
    46     0.00000000
    47     0.00000000
    48     0.00000000
    49     0.00000000
    50     0.00000000
    51     0.00000000
    52     0.00000000
    53     0.00000000
    54     0.00000000
    55     0.00000000
    56     0.00000000
    57     0.00000000
    58     0.00000000
    59     0.00000000
    60     0.00000000
    61     0.00000000
    62     0.00000000
    63     0.00000000
    64     0.00000000
    65     0.00000000
    66     0.00000000
    67     0.00000000
    68     0.00000000
    69     0.00000000
    70     0.00000000
    71     0.00000000
    72     0.00000000
    73     0.00000000
    74     0.00000000
    75     0.00000000
    76     0.00000000
    77     0.00000000
    78     0.00000000
    79     0.00000000
    80     0.00000000
    81     0.00000000
    82     0.00000000
    83     0.00000000
    84     0.00000000
    85     0.00000000
    86     0.00000000
    87     0.00000000
    88     0.00000000
    89     0.00000000
    90     0.00000000
    91     0.00000000
    92     0.00000000
    93     0.00000000
    94     0.00000000
    95     0.00000000
    96     0.00000000
    97     0.00000000
    98     0.00000000
    99     0.00000000
   100     0.00000000
