     0    0.038871785
     1    0.037740616
     2    0.036920422
     3    0.036718288
     4    0.034988494
     5    0.034385981
     6    0.033262587
     7    0.032115869
     8    0.031089654
     9    0.030012905
    10    0.029336536
    11    0.028034332
    12    0.027913829
    13    0.026304537
    14    0.025010107
    15    0.024769102
    16    0.024625276
    17    0.022809964
    18    0.022533974
    19    0.021301738
    20    0.020073390
    21    0.019707995
    22    0.018915011
    23    0.018285288
    24    0.017301832
    25    0.016493299
    26    0.016127904
    27    0.015284386
    28    0.014440868
    29    0.013593463
    30    0.013643997
    31    0.012582797
    32    0.012252387
    33    0.011346674
    34    0.011066797
    35    0.010646982
    36   0.0098112386
    37   0.0093953105
    38   0.0087889107
    39   0.0086023261
    40   0.0080231365
    41   0.0075061417
    42   0.0070552290
    43   0.0067481419
    44   0.0063127779
    45   0.0058035575
    46   0.0055236807
    47   0.0054614858
    48   0.0049794757
    49   0.0046374040
    50   0.0042447990
    51   0.0041864913
    52   0.0037472401
    53   0.0036150760
    54   0.0033857325
    55   0.0033079889
    56   0.0031835992
    57   0.0028454147
    58   0.0025072302
    59   0.0023400815
    60   0.0022195789
    61   0.0022040302
    62   0.0019241534
    63   0.0018580713
    64   0.0018114252
    65   0.0015626458
    66   0.0013566253
    67   0.0013449638
    68   0.0011739279
    69   0.0011078459
    70   0.0010301023
    71  0.00099123053
    72  0.00087072799
    73  0.00075022546
    74  0.00068414342
    75  0.00075411263
    76  0.00070746649
    77  0.00049755885
    78  0.00055586653
    79  0.00048589732
    80  0.00042370246
    81  0.00036928196
    82  0.00038094350
    83  0.00037705632
    84  0.00020213328
    85  0.00023711789
    86  0.00020990764
    87  0.00018658457
    88  0.00018658457
    89  0.00019047175
    90  0.00014771278
    91  0.00014771278
    92  0.00010495382
    93  0.00011272818
    94 9.7179463E-005
    95 5.4420499E-005
    96 8.1630749E-005
    97 3.8871785E-005
    98 1.9435893E-005
    99 1.9435893E-005
   100     0.00000000
