     1    0.026974335   0.0026539573
     2    0.047115428   0.0052702754
     3    0.064260812   0.0080515047
     4    0.079409488    0.010740034
     5    0.092751067    0.013441622
     6     0.10512532    0.016078514
     7     0.11708718    0.018755064
     8     0.12728266    0.021389229
     9     0.13675887    0.023947621
    10     0.14692460    0.026506186
    11     0.15560341    0.029055495
    12     0.16469304    0.031703988
    13     0.17276159    0.033815053
    14     0.18009819    0.035909376
    15     0.18708861    0.037764543
    16     0.19407369    0.039730842
    17     0.20027809    0.041627831
    18     0.20705682    0.043440551
    19     0.21335521    0.045126709
    20     0.21771466    0.046502004
    21     0.22308890    0.047873649
    22     0.22724591    0.049059117
    23     0.23157111    0.049937467
    24     0.23589593    0.051168014
    25     0.24033313    0.052249011
    26     0.24368926    0.053127292
    27     0.24615517    0.054010457
    28     0.24989723    0.054368250
    29     0.25272970    0.055154938
    30     0.25539901    0.055752559
    31     0.25893694    0.056391970
    32     0.26109516    0.057008275
    33     0.26346486    0.057732151
    34     0.26607344    0.058141218
    35     0.26899368    0.058930845
    36     0.27109894    0.059356688
    37     0.27285633    0.059672782
    38     0.27393038    0.059799437
    39     0.27573303    0.060343370
    40     0.27802653    0.060729862
    41     0.27932146    0.060840967
    42     0.28020784    0.061033843
    43     0.28143999    0.061213812
    44     0.28291072    0.061486516
    45     0.28350764    0.061712874
    46     0.28521124    0.062080545
    47     0.28625987    0.062117950
    48     0.28801758    0.062702916
    49     0.28888640    0.063150207
    50     0.28991678    0.063343207
    51     0.29097412    0.063311094
    52     0.29208469    0.063587707
    53     0.29350356    0.063932177
    54     0.29501663    0.064221640
    55     0.29553958    0.064333005
    56     0.29674734    0.064586318
    57     0.29731379    0.064656138
    58     0.29763794    0.064506918
    59     0.29740255    0.064540833
    60     0.29812015    0.064633144
    61     0.29858890    0.064622752
    62     0.29942845    0.064867134
    63     0.30018146    0.064938755
    64     0.30133689    0.064979096
    65     0.30094839    0.064941726
    66     0.30189188    0.065232614
    67     0.30210658    0.065221535
    68     0.30258109    0.065406275
    69     0.30305540    0.065456797
    70     0.30403899    0.065324483
    71     0.30493286    0.065458865
    72     0.30513711    0.065226177
    73     0.30542287    0.065640363
    74     0.30533562    0.065408544
    75     0.30516564    0.065033139
    76     0.30619155    0.065349785
    77     0.30698974    0.065704354
    78     0.30753884    0.065819628
    79     0.30845218    0.066073886
    80     0.30814605    0.066197517
    81     0.30871452    0.066283233
    82     0.30859662    0.066092047
    83     0.30887085    0.066035804
    84     0.30915789    0.066000283
    85     0.31014744    0.066210389
    86     0.31109449    0.066214536
    87     0.31135936    0.066433039
    88     0.31074314    0.066480746
    89     0.31083899    0.066693608
    90     0.31112922    0.066652483
    91     0.31188264    0.067021951
    92     0.31089958    0.066677474
    93     0.31095664    0.066654277
    94     0.31106097    0.066400193
    95     0.31098577    0.066440290
    96     0.31131166    0.066471373
    97     0.31122185    0.066463879
    98     0.31152191    0.066396526
    99     0.31096102    0.066311366
   100     0.31074308    0.066010827
   101     0.31140005    0.066460637
   102     0.31125881    0.066322679
   103     0.31144190    0.066522926
   104     0.31202473    0.066762414
   105     0.31267342    0.066957195
   106     0.31277436    0.066758007
   107     0.31248726    0.066664444
   108     0.31264660    0.066736602
   109     0.31213232    0.066510853
   110     0.31257451    0.066804849
   111     0.31269080    0.067033053
   112     0.31222358    0.066879759
   113     0.31271618    0.067130984
   114     0.31248430    0.066957448
   115     0.31191378    0.066843605
   116     0.31152277    0.066807358
   117     0.31157141    0.066618187
   118     0.31154533    0.066379666
   119     0.31222221    0.066651995
   120     0.31295287    0.066946938
   121     0.31261114    0.066841823
   122     0.31336924    0.066919986
   123     0.31380719    0.067084872
   124     0.31458939    0.067366361
   125     0.31415770    0.067259213
   126     0.31327185    0.067140009
   127     0.31289841    0.067165153
   128     0.31349277    0.067254287
   129     0.31376959    0.067147220
   130     0.31350509    0.067280631
   131     0.31335041    0.067341195
   132     0.31410223    0.067461476
   133     0.31411025    0.067094687
   134     0.31270030    0.067017893
   135     0.31335930    0.067084660
   136     0.31217480    0.066656667
   137     0.31263224    0.066711378
   138     0.31284924    0.066691652
   139     0.31285545    0.066632803
   140     0.31320413    0.066807121
   141     0.31341496    0.067083468
   142     0.31298928    0.066968610
   143     0.31341405    0.066968233
   144     0.31276292    0.066629362
   145     0.31313583    0.066698974
   146     0.31275149    0.066816477
   147     0.31310595    0.066826268
   148     0.31319551    0.066781078
   149     0.31346492    0.066836643
   150     0.31352414    0.066659246
   151     0.31378626    0.066728268
   152     0.31403178    0.067118596
   153     0.31322894    0.066812250
   154     0.31355057    0.066668493
   155     0.31343448    0.067025143
   156     0.31346740    0.066837809
   157     0.31367321    0.066792702
   158     0.31306656    0.066904130
   159     0.31259120    0.066743688
   160     0.31261882    0.066669069
   161     0.31243661    0.066851211
   162     0.31303894    0.066944584
   163     0.31313299    0.066867430
   164     0.31383442    0.066930213
   165     0.31330469    0.066638318
   166     0.31312800    0.066667222
   167     0.31309129    0.066465066
   168     0.31276952    0.066453323
   169     0.31353311    0.066556465
   170     0.31318804    0.066846404
   171     0.31298993    0.066748233
   172     0.31348576    0.066998156
   173     0.31317528    0.066691412
   174     0.31380160    0.066816854
   175     0.31295850    0.066763903
   176     0.31242199    0.066530247
   177     0.31247321    0.066781067
   178     0.31349098    0.067289642
   179     0.31414795    0.067179860
   180     0.31382200    0.067162017
   181     0.31352722    0.066915209
   182     0.31363392    0.066734358
   183     0.31327155    0.066849263
   184     0.31349047    0.066818562
   185     0.31275784    0.066860544
   186     0.31247882    0.066677145
   187     0.31319608    0.066732006
   188     0.31345934    0.066687418
   189     0.31275009    0.066727659
   190     0.31309796    0.066594623
   191     0.31339552    0.066911562
   192     0.31382427    0.066987489
   193     0.31317312    0.066619265
   194     0.31332019    0.066713550
   195     0.31328961    0.066658132
   196     0.31355223    0.066784183
   197     0.31358765    0.066665371
   198     0.31321591    0.066609988
   199     0.31260995    0.066475136
   200     0.31272569    0.066181193
