     1    0.026208129   0.0025584301
     2    0.047294751   0.0053305997
     3    0.064468657   0.0080578743
     4    0.079494540    0.010815139
     5    0.092605975    0.013537369
     6     0.10478071    0.016235696
     7     0.11626533    0.018741713
     8     0.12644721    0.021416591
     9     0.13679618    0.023853378
    10     0.14671927    0.026318521
    11     0.15602728    0.028880928
    12     0.16421257    0.031000626
    13     0.17210981    0.033239025
    14     0.17964211    0.035594862
    15     0.18672500    0.037456016
    16     0.19361037    0.039295861
    17     0.19994287    0.041161003
    18     0.20564765    0.043044066
    19     0.21094205    0.044604820
    20     0.21655710    0.046276384
    21     0.22109117    0.047249053
    22     0.22498777    0.048252638
    23     0.22923872    0.049410669
    24     0.23380695    0.050343760
    25     0.23777601    0.051516224
    26     0.24192535    0.052618846
    27     0.24554780    0.053547245
    28     0.24872655    0.054296654
    29     0.25168780    0.055103282
    30     0.25526615    0.055727813
    31     0.25809336    0.056423839
    32     0.26101479    0.057127368
    33     0.26337051    0.057561885
    34     0.26586911    0.058091436
    35     0.26822112    0.058554575
    36     0.27047887    0.059119758
    37     0.27320453    0.059754938
    38     0.27545067    0.060424981
    39     0.27785891    0.060804346
    40     0.27929869    0.060935724
    41     0.28125788    0.061347225
    42     0.28302023    0.061756206
    43     0.28375951    0.062196066
    44     0.28499140    0.062510586
    45     0.28700960    0.062814403
    46     0.28842903    0.062929443
    47     0.28931239    0.063006621
    48     0.28998836    0.063053144
    49     0.29136054    0.063166473
    50     0.29189553    0.063601182
    51     0.29219396    0.063422394
    52     0.29378087    0.063837117
    53     0.29384628    0.063784966
    54     0.29514785    0.063696889
    55     0.29531840    0.063890784
    56     0.29615524    0.064016307
    57     0.29731931    0.064312521
    58     0.29797604    0.064712263
    59     0.29842769    0.064506705
    60     0.29840463    0.064546278
    61     0.29935249    0.064878400
    62     0.30038546    0.064853555
    63     0.30093043    0.064889955
    64     0.30120875    0.064980070
    65     0.30284849    0.065237470
    66     0.30371155    0.065490549
    67     0.30408279    0.065564345
    68     0.30410546    0.065686705
    69     0.30502031    0.065666932
    70     0.30470489    0.065759102
    71     0.30451229    0.065782035
    72     0.30535877    0.065804505
    73     0.30523730    0.065821522
    74     0.30458910    0.065821936
    75     0.30602093    0.066061772
    76     0.30637783    0.066005787
    77     0.30739030    0.066214156
    78     0.30765147    0.066268116
    79     0.30839577    0.066384525
    80     0.30858849    0.066064796
    81     0.30825147    0.066071754
    82     0.30907780    0.066239327
    83     0.30900649    0.066299287
    84     0.30879462    0.066342259
    85     0.30859997    0.066295540
    86     0.30900775    0.066453165
    87     0.30807825    0.066057409
    88     0.30891394    0.066102579
    89     0.30948690    0.066397218
    90     0.31002376    0.066193843
    91     0.31057053    0.066233997
    92     0.31076091    0.066157525
    93     0.31064461    0.066373647
    94     0.31061359    0.066150825
    95     0.31104923    0.066046360
    96     0.31089323    0.066045609
    97     0.31111283    0.066214609
    98     0.31130509    0.066207755
    99     0.31183167    0.066255778
   100     0.31198494    0.066530533
