     1   0.0033426536 2.2253203E-005
     2   0.0056412912 5.2495990E-005
     3   0.0075396389 8.2192509E-005
     4   0.0091710887  0.00011127997
     5    0.010482976  0.00013871167
     6    0.011847809  0.00016935077
     7    0.013026453  0.00019685931
     8    0.014149523  0.00022429083
     9    0.015226738  0.00025307885
    10    0.016267642  0.00028300722
    11    0.017215107  0.00031289190
    12    0.018129981  0.00034023404
    13    0.018978325  0.00036686089
    14    0.019727654  0.00039286396
    15    0.020610538  0.00042393595
    16    0.021438793  0.00045395142
    17    0.022225927  0.00048240493
    18    0.022990083  0.00051384075
    19    0.023692579  0.00054237488
    20    0.024346266  0.00057143490
    21    0.025032045  0.00059932009
    22    0.025830295  0.00062953268
    23    0.026459602  0.00066030667
    24    0.027082450  0.00068618531
    25    0.027696222  0.00071448289
    26    0.028331338  0.00074139179
    27    0.028825739  0.00076575375
    28    0.029411740  0.00079499250
    29    0.029934692  0.00081810841
    30    0.030440779  0.00084387341
    31    0.031097872  0.00087451432
    32    0.031748005  0.00090579569
    33    0.032223592  0.00093476641
    34    0.032884235  0.00095999610
    35    0.033293346  0.00098593071
    36    0.033824721   0.0010135963
    37    0.034335416   0.0010397541
    38    0.034710405   0.0010645735
    39    0.035250733   0.0010936797
    40    0.035846245   0.0011212264
    41    0.036326230   0.0011477359
    42    0.036776981   0.0011775408
    43    0.037243237   0.0012060294
    44    0.037705524   0.0012377575
    45    0.038207693   0.0012669323
    46    0.038626420   0.0012911729
    47    0.039155648   0.0013204669
    48    0.039643360   0.0013482305
    49    0.039967542   0.0013710163
    50    0.040439053   0.0014029294
    51    0.040919577   0.0014262416
    52    0.041333216   0.0014559260
    53    0.041758069   0.0014807118
    54    0.042196417   0.0015053077
    55    0.042650439   0.0015321189
    56    0.043055598   0.0015562608
    57    0.043448893   0.0015842251
    58    0.043828189   0.0016122153
    59    0.044207559   0.0016374245
    60    0.044599872   0.0016626198
    61    0.044941731   0.0016908252
    62    0.045401125   0.0017188938
    63    0.045737435   0.0017452063
    64    0.046127829   0.0017670409
    65    0.046605208   0.0017965762
    66    0.046964095   0.0018246372
    67    0.047270357   0.0018456823
    68    0.047641390   0.0018773224
    69    0.048104675   0.0019009244
    70    0.048379590   0.0019303739
    71    0.048772126   0.0019550646
    72    0.049089029   0.0019821190
    73    0.049476678   0.0020107205
    74    0.049977098   0.0020455059
    75    0.050358393   0.0020738712
    76    0.050719633   0.0021020947
    77    0.051033446   0.0021297651
    78    0.051391714   0.0021530562
    79    0.051750899   0.0021805133
    80    0.052132632   0.0022113853
    81    0.052407796   0.0022394748
    82    0.052749838   0.0022588595
    83    0.053007605   0.0022788471
    84    0.053369192   0.0023051987
    85    0.053644752   0.0023347257
    86    0.053908045   0.0023625754
    87    0.054227258   0.0023868864
    88    0.054561436   0.0024104263
    89    0.054825942   0.0024387081
    90    0.055181154   0.0024690477
    91    0.055486200   0.0024947233
    92    0.055854596   0.0025264981
    93    0.056120422   0.0025509491
    94    0.056432673   0.0025767741
    95    0.056768737   0.0026017111
    96    0.057094294   0.0026336799
    97    0.057449235   0.0026611267
    98    0.057842129   0.0026891720
    99    0.058237200   0.0027242411
   100    0.058581931   0.0027519808
