     1    0.033479678   0.0022270790
     2    0.056786433   0.0053087877
     3    0.074482274   0.0080541558
     4    0.090314292    0.010841264
     5     0.10400695    0.013621117
     6     0.11732212    0.016509738
     7     0.12897638    0.019250140
     8     0.14076104    0.022265850
     9     0.15127259    0.025159316
    10     0.16081539    0.027906184
    11     0.16958826    0.030374320
    12     0.17861389    0.032847760
    13     0.18674759    0.035044123
    14     0.19411178    0.037107331
    15     0.20088317    0.039100272
    16     0.20691643    0.040516035
    17     0.21156249    0.041970018
    18     0.21797564    0.043470932
    19     0.22284531    0.044721600
    20     0.22793399    0.045952041
    21     0.23216116    0.046945795
    22     0.23640102    0.048004275
    23     0.24021747    0.049112188
    24     0.24346668    0.049447221
    25     0.24685058    0.050515618
    26     0.25028501    0.051005095
    27     0.25271049    0.051640785
    28     0.25600604    0.052246333
    29     0.25875104    0.053139612
    30     0.26078593    0.053151358
    31     0.26288802    0.053836552
    32     0.26417561    0.053930390
    33     0.26763424    0.054942387
    34     0.27012788    0.055391045
    35     0.27207783    0.055876267
    36     0.27347550    0.055957125
    37     0.27557134    0.056434308
    38     0.27689208    0.056611469
    39     0.27810107    0.056715078
    40     0.27909526    0.056959605
    41     0.28049054    0.057088672
    42     0.28134811    0.057053973
    43     0.28261970    0.057472013
    44     0.28368138    0.057541288
    45     0.28381435    0.057343441
    46     0.28496135    0.057372795
    47     0.28642748    0.057837058
    48     0.28681121    0.058031060
    49     0.28751925    0.058188534
    50     0.28786590    0.058163875
    51     0.28906043    0.058369551
    52     0.28935846    0.058487938
    53     0.29036916    0.058809267
    54     0.29064208    0.058525438
    55     0.29173285    0.058970415
    56     0.29179104    0.058788208
    57     0.29286634    0.058857200
    58     0.29293314    0.058984922
    59     0.29350605    0.059206384
    60     0.29360395    0.058975358
    61     0.29416660    0.059440611
    62     0.29434163    0.059306254
    63     0.29416608    0.059039467
    64     0.29467786    0.059114064
    65     0.29424265    0.058831014
    66     0.29397481    0.058565250
    67     0.29509002    0.059045815
    68     0.29571542    0.059118619
    69     0.29650440    0.059390015
    70     0.29783917    0.059723699
    71     0.29800226    0.059755170
    72     0.29812661    0.059461053
    73     0.29856169    0.059676937
    74     0.29789650    0.059505863
    75     0.29808929    0.059638091
    76     0.29763849    0.059588728
    77     0.29777652    0.059728751
    78     0.29786268    0.059494642
    79     0.29812655    0.059683514
    80     0.29839774    0.059770690
    81     0.29878987    0.059761468
    82     0.29847135    0.059646844
    83     0.29897551    0.059686473
    84     0.30020506    0.060198058
    85     0.30027136    0.060316025
    86     0.29920145    0.059876283
    87     0.29805460    0.059771689
    88     0.29807773    0.059605261
    89     0.29764895    0.059371555
    90     0.29869415    0.059759868
    91     0.29785906    0.059588456
    92     0.29854709    0.059623500
    93     0.29873602    0.059662254
    94     0.29913997    0.059696064
    95     0.29900632    0.059782440
    96     0.29850255    0.059647867
    97     0.30009134    0.060096082
    98     0.29904535    0.059805607
    99     0.29879059    0.059784341
   100     0.29902072    0.059765435
