     1    0.033141673   0.0022157968
     2    0.057246667   0.0053404308
     3    0.074803701   0.0081063318
     4    0.091265916    0.011078337
     5     0.10589798    0.014169683
     6     0.11949901    0.017153911
     7     0.13100873    0.020022297
     8     0.14280754    0.023088858
     9     0.15287480    0.025924657
    10     0.16250688    0.028340015
    11     0.17090177    0.030832866
    12     0.17958430    0.032906650
    13     0.18745287    0.035305671
    14     0.19486232    0.037132537
    15     0.20144611    0.039236144
    16     0.20826344    0.040959791
    17     0.21358889    0.042411306
    18     0.21916989    0.043773273
    19     0.22353267    0.045093752
    20     0.22872593    0.046226496
    21     0.23293163    0.047191420
    22     0.23776257    0.048308904
    23     0.24140511    0.049302981
    24     0.24498793    0.049939609
    25     0.24866066    0.050762453
    26     0.25157014    0.051564051
    27     0.25311462    0.051884772
    28     0.25526816    0.051980139
    29     0.25893627    0.052974325
    30     0.26152596    0.053195357
    31     0.26424202    0.054032557
    32     0.26601738    0.054326530
    33     0.26902433    0.054860595
    34     0.27208820    0.055857137
    35     0.27345726    0.056330897
    36     0.27507973    0.056852385
    37     0.27740159    0.057418610
    38     0.27870744    0.057480572
    39     0.27929377    0.057519214
    40     0.27930695    0.057372071
    41     0.27958311    0.056980676
    42     0.28075618    0.057065817
    43     0.28238538    0.057494270
    44     0.28337742    0.057441613
    45     0.28376250    0.057574027
    46     0.28519078    0.057808803
    47     0.28492751    0.058005364
    48     0.28579942    0.058076824
    49     0.28657969    0.058254936
    50     0.28709022    0.058263522
    51     0.28805580    0.058607965
    52     0.28781032    0.058553987
    53     0.28800115    0.058397434
    54     0.28895034    0.058579656
    55     0.29023226    0.058706285
    56     0.28971366    0.058814747
    57     0.29087709    0.058710206
    58     0.29092921    0.058528392
    59     0.29096251    0.058529609
    60     0.29221901    0.058566151
    61     0.29211709    0.058687624
    62     0.29263180    0.059064237
    63     0.29382404    0.059341625
    64     0.29421326    0.059460080
    65     0.29345391    0.059205352
    66     0.29342551    0.059075188
    67     0.29421267    0.059314942
    68     0.29482646    0.059259042
    69     0.29442389    0.059185187
    70     0.29482174    0.059381598
    71     0.29453299    0.059349477
    72     0.29433962    0.059283324
    73     0.29473166    0.058988263
    74     0.29481164    0.059141791
    75     0.29534806    0.059138560
    76     0.29546838    0.059071471
    77     0.29623292    0.059204585
    78     0.29573879    0.059231514
    79     0.29591893    0.059103820
    80     0.29695712    0.059629248
    81     0.29822834    0.059872900
    82     0.29796306    0.059948476
    83     0.29805251    0.059964701
    84     0.29811696    0.059981544
    85     0.29845071    0.059990784
    86     0.29840738    0.059891227
    87     0.29818255    0.060049438
    88     0.29824060    0.060085608
    89     0.29830608    0.060019496
    90     0.29871409    0.060176099
    91     0.29888190    0.060110926
    92     0.29994499    0.060450350
    93     0.29961829    0.060319534
    94     0.29864505    0.059850919
    95     0.29868578    0.059976461
    96     0.29815653    0.059910842
    97     0.29848240    0.059813679
    98     0.29848937    0.059962745
    99     0.29918637    0.060034889
   100     0.29994140    0.060334361
