     1    0.033386624   0.0022239957
     2    0.057033131   0.0053211071
     3    0.075364120   0.0081309568
     4    0.092307343    0.011163212
     5     0.10610981    0.014134080
     6     0.11882816    0.016932170
     7     0.13170840    0.020167944
     8     0.14274723    0.022947150
     9     0.15367443    0.025986667
    10     0.16250646    0.028308059
    11     0.17160925    0.030938405
    12     0.18030834    0.033346821
    13     0.18866702    0.035794916
    14     0.19523864    0.037405738
    15     0.20136194    0.039418491
    16     0.20732249    0.040891639
    17     0.21316290    0.042420759
    18     0.21870154    0.043900227
    19     0.22320968    0.044946983
    20     0.22805457    0.046139860
    21     0.23262023    0.047214447
    22     0.23635141    0.048057104
    23     0.24044249    0.049156932
    24     0.24400967    0.049770092
    25     0.24720147    0.050533883
    26     0.25081978    0.051170011
    27     0.25312152    0.051581895
    28     0.25594725    0.052125134
    29     0.25920485    0.052742569
    30     0.26128969    0.053415634
    31     0.26409992    0.053663474
    32     0.26543477    0.054451989
    33     0.26745510    0.054682882
    34     0.26966976    0.055121639
    35     0.27142501    0.055501173
    36     0.27212899    0.055607903
    37     0.27465511    0.055895365
    38     0.27592721    0.056096008
    39     0.27645843    0.056346769
    40     0.27736754    0.056366387
    41     0.27895908    0.056611871
    42     0.28023474    0.056843955
    43     0.28198596    0.057354630
    44     0.28321473    0.057811775
    45     0.28414610    0.058109255
    46     0.28490458    0.058175539
    47     0.28610183    0.058474778
    48     0.28625421    0.058414944
    49     0.28731524    0.058790581
    50     0.28712489    0.058564966
    51     0.28771332    0.058409231
    52     0.28805488    0.058337747
    53     0.28745409    0.057844946
    54     0.28924189    0.058471770
    55     0.28914179    0.058323138
    56     0.28993943    0.058621119
    57     0.29115142    0.058792575
    58     0.29218539    0.059222055
    59     0.29162372    0.058950869
    60     0.29193027    0.059044335
    61     0.29285228    0.059355850
    62     0.29339685    0.059469275
    63     0.29378129    0.059566071
    64     0.29398295    0.059713932
    65     0.29334823    0.059483632
    66     0.29446670    0.059559745
    67     0.29363826    0.059195031
    68     0.29336418    0.058865983
    69     0.29337855    0.058874378
    70     0.29431666    0.058959461
    71     0.29465406    0.058963287
    72     0.29484511    0.058941146
    73     0.29461796    0.058817102
    74     0.29550059    0.059214613
    75     0.29486923    0.059293403
    76     0.29579751    0.059421326
    77     0.29522855    0.059149700
    78     0.29608298    0.059460470
    79     0.29666037    0.059505137
    80     0.29675165    0.059446824
    81     0.29672362    0.059656450
    82     0.29680491    0.059722794
    83     0.29707258    0.059693141
    84     0.29681929    0.059906820
    85     0.29674389    0.059714899
    86     0.29724052    0.059594284
    87     0.29740844    0.059605928
    88     0.29726444    0.059570647
    89     0.29801308    0.059850833
    90     0.29766484    0.059859489
    91     0.29813377    0.059786406
    92     0.29759178    0.059794861
    93     0.29718284    0.059421276
    94     0.29709039    0.059557207
    95     0.29700116    0.059551360
    96     0.29824355    0.059809879
    97     0.29845038    0.059548870
    98     0.29872712    0.059493629
    99     0.29881989    0.059685193
   100     0.29962299    0.060222767
   101     0.29899678    0.059903423
   102     0.29955946    0.060103816
   103     0.29970428    0.059881988
   104     0.29946015    0.059822798
   105     0.29935156    0.059858963
   106     0.29926189    0.059915826
   107     0.29972877    0.060089669
   108     0.30024020    0.060265619
   109     0.30022402    0.060150204
   110     0.30032455    0.060083767
   111     0.30132072    0.060339304
   112     0.30078413    0.060387437
   113     0.30170858    0.060525335
   114     0.30055140    0.060162204
   115     0.30056015    0.060279763
   116     0.30094592    0.060157124
   117     0.30097009    0.060450554
   118     0.30060075    0.060475873
   119     0.30122395    0.060748538
   120     0.30124003    0.060576961
   121     0.30043183    0.060246702
   122     0.30034092    0.060309632
   123     0.30006552    0.060198729
   124     0.29953170    0.059983082
   125     0.30005817    0.060067988
   126     0.29993257    0.060038812
   127     0.29964994    0.059683725
   128     0.29866674    0.059459454
   129     0.29859447    0.059632732
   130     0.29865661    0.059783871
   131     0.29818991    0.059406810
   132     0.29916195    0.059677557
   133     0.29943700    0.059703245
   134     0.29966836    0.059965997
   135     0.29893621    0.059809790
   136     0.29935391    0.059814128
   137     0.29923251    0.059806353
   138     0.29901329    0.059751803
   139     0.29897924    0.059748772
   140     0.29860303    0.059916195
   141     0.29987786    0.059944383
   142     0.29875622    0.059840519
   143     0.29891306    0.059782161
   144     0.29998722    0.060228422
   145     0.29986619    0.060202167
   146     0.29980001    0.060119772
   147     0.29962594    0.060042400
   148     0.29885301    0.059762885
   149     0.29898923    0.059711468
   150     0.29772760    0.059293770
   151     0.29911790    0.059846727
   152     0.29917162    0.059949684
   153     0.29960913    0.059994002
   154     0.29996345    0.059916309
   155     0.29968666    0.059924847
   156     0.29943336    0.059614692
   157     0.29914086    0.059699380
   158     0.30013068    0.059841714
   159     0.30062412    0.060192651
   160     0.30094083    0.060220336
   161     0.30106684    0.060520670
   162     0.30014307    0.060314562
   163     0.29985126    0.059948826
   164     0.29992925    0.060032832
   165     0.29903848    0.059659096
   166     0.29926962    0.059873508
   167     0.29913387    0.059698822
   168     0.29871619    0.059590786
   169     0.29948367    0.059825630
   170     0.29859045    0.059436909
   171     0.29894574    0.059542286
   172     0.29939844    0.059684685
   173     0.30000728    0.059797564
   174     0.29986696    0.059898103
   175     0.29864071    0.059425502
   176     0.29935638    0.059618701
   177     0.29900278    0.059745698
   178     0.29947155    0.059902412
   179     0.29955619    0.060065284
   180     0.29983042    0.060043186
   181     0.29978999    0.059968728
   182     0.29976099    0.059941011
   183     0.30016428    0.059806854
   184     0.30091788    0.060312767
   185     0.30002549    0.060221360
   186     0.30025861    0.060244706
   187     0.29995266    0.060243594
   188     0.29956687    0.060056228
   189     0.29992707    0.060319047
   190     0.30013684    0.060349012
   191     0.30012773    0.060011297
   192     0.29986526    0.060025838
   193     0.30070292    0.060145917
   194     0.30034104    0.059730151
   195     0.29953788    0.059548218
   196     0.29981224    0.059715407
   197     0.30006731    0.059918674
   198     0.30019122    0.060237261
   199     0.30063078    0.060418905
   200     0.30118872    0.060256598
