     1    0.026589782   0.0026436189
     2    0.046577521   0.0052370550
     3    0.063465874   0.0079705471
     4    0.079291570    0.010865113
     5    0.092269062    0.013489351
     6     0.10509105    0.016109765
     7     0.11665392    0.018870208
     8     0.12720057    0.021528864
     9     0.13707435    0.024205621
    10     0.14679486    0.026816015
    11     0.15549963    0.029254875
    12     0.16388634    0.031420425
    13     0.17226013    0.033790746
    14     0.18036338    0.036126462
    15     0.18778200    0.038179651
    16     0.19405902    0.039815337
    17     0.20051216    0.041619634
    18     0.20616691    0.043380783
    19     0.21203230    0.045113487
    20     0.21747829    0.046492979
    21     0.22146079    0.047446103
    22     0.22580640    0.048426021
    23     0.23121846    0.049758057
    24     0.23551871    0.050976615
    25     0.23986986    0.052003668
    26     0.24291684    0.052878967
    27     0.24658532    0.053692337
    28     0.25074117    0.054927233
    29     0.25373070    0.055564389
    30     0.25665694    0.056187533
    31     0.25909527    0.056792162
    32     0.26148255    0.057464115
    33     0.26386101    0.057805499
    34     0.26620767    0.058450011
    35     0.26927758    0.059283510
    36     0.27143233    0.059762270
    37     0.27391233    0.060173516
    38     0.27563871    0.060348654
    39     0.27739766    0.060850854
    40     0.27863184    0.061072694
    41     0.28008882    0.060998628
    42     0.28173835    0.061489996
    43     0.28371988    0.061729475
    44     0.28439401    0.061732694
    45     0.28710434    0.062590500
    46     0.28854524    0.062808322
    47     0.28876429    0.062790218
    48     0.28991840    0.063023759
    49     0.29160085    0.063264713
    50     0.29262989    0.063620077
    51     0.29356932    0.063714024
    52     0.29374142    0.063778570
    53     0.29528381    0.063825431
    54     0.29590801    0.063887630
    55     0.29676498    0.063901095
    56     0.29739442    0.064045996
    57     0.29828010    0.063934432
    58     0.29834904    0.064276425
    59     0.29897593    0.064413208
    60     0.29962531    0.064618264
    61     0.30056678    0.064359085
    62     0.30167053    0.064820120
    63     0.30228210    0.064868439
    64     0.30293184    0.065032791
    65     0.30414460    0.065257775
    66     0.30472368    0.065489704
    67     0.30564620    0.065535435
    68     0.30642647    0.066070689
    69     0.30660257    0.065928304
    70     0.30705826    0.066032302
    71     0.30703196    0.066020214
    72     0.30721854    0.066031102
    73     0.30696264    0.065878607
    74     0.30689476    0.065576195
    75     0.30790648    0.065634985
    76     0.30747798    0.065779127
    77     0.30791618    0.065912937
    78     0.30810119    0.065662966
    79     0.30798578    0.065588730
    80     0.30837613    0.065678063
    81     0.30857080    0.065885895
    82     0.30829123    0.065702961
    83     0.30872141    0.065937057
    84     0.30936013    0.066133726
    85     0.30929864    0.066160442
    86     0.30942355    0.066252160
    87     0.31022486    0.066690022
    88     0.30976583    0.066431054
    89     0.30972854    0.066484435
    90     0.31028683    0.066297856
    91     0.30961833    0.066149017
    92     0.31041869    0.066251686
    93     0.31064811    0.066264306
    94     0.31060756    0.066262629
    95     0.30997237    0.066157145
    96     0.30986018    0.066077104
    97     0.30983526    0.066089495
    98     0.31006243    0.066188167
    99     0.31060536    0.066212193
   100     0.31048776    0.065991738
   101     0.31103575    0.066141494
   102     0.31132250    0.066171192
   103     0.31146679    0.066297598
   104     0.31199491    0.066396418
   105     0.31180899    0.066429914
   106     0.31209313    0.066391443
   107     0.31188861    0.066347683
   108     0.31213492    0.066161221
   109     0.31228603    0.066196124
   110     0.31299696    0.066389221
   111     0.31255526    0.066560416
   112     0.31368822    0.066607440
   113     0.31330838    0.066435468
   114     0.31294206    0.066159634
   115     0.31192625    0.066164625
   116     0.31283823    0.066211891
   117     0.31282654    0.066326352
   118     0.31288345    0.066376563
   119     0.31301995    0.066453486
   120     0.31337494    0.066556825
   121     0.31347791    0.066412414
   122     0.31408212    0.066658953
   123     0.31399232    0.066510321
   124     0.31386030    0.066583217
   125     0.31405614    0.066386749
   126     0.31390280    0.066398618
   127     0.31473928    0.066711144
   128     0.31487925    0.066767192
   129     0.31473916    0.066713301
   130     0.31533525    0.066867291
   131     0.31455627    0.066809019
   132     0.31394225    0.066765001
   133     0.31401897    0.066896010
   134     0.31409256    0.066887758
   135     0.31446754    0.067055255
   136     0.31429334    0.066805703
   137     0.31465444    0.066764921
   138     0.31414644    0.066872611
   139     0.31439076    0.066629777
   140     0.31476679    0.066805991
   141     0.31476055    0.066823121
   142     0.31504325    0.066950386
   143     0.31525667    0.067287535
   144     0.31367634    0.067123963
   145     0.31374763    0.066934550
   146     0.31335494    0.066877535
   147     0.31335350    0.066617878
   148     0.31341286    0.066738230
   149     0.31348402    0.066686408
   150     0.31314041    0.066633825
   151     0.31346634    0.066607717
   152     0.31289946    0.066453351
   153     0.31360388    0.066610938
   154     0.31339257    0.066459486
   155     0.31309699    0.066525694
   156     0.31310867    0.066745177
   157     0.31334366    0.066924999
   158     0.31323934    0.067016822
   159     0.31316294    0.067110701
   160     0.31354648    0.067072755
   161     0.31366765    0.066764286
   162     0.31357680    0.066679437
   163     0.31379398    0.066796488
   164     0.31369775    0.066414453
   165     0.31359470    0.066696944
   166     0.31412885    0.066637387
   167     0.31380029    0.066556263
   168     0.31271439    0.066595128
   169     0.31284232    0.066630483
   170     0.31362775    0.066595507
   171     0.31406288    0.066715757
   172     0.31412400    0.066665073
   173     0.31383151    0.066536308
   174     0.31358602    0.066458037
   175     0.31426541    0.066813020
   176     0.31448536    0.066703816
   177     0.31489256    0.066896214
   178     0.31536847    0.067001518
   179     0.31530545    0.067074834
   180     0.31565588    0.066983779
   181     0.31546500    0.066942662
   182     0.31501795    0.067039178
   183     0.31495555    0.067237454
   184     0.31505593    0.067249414
   185     0.31503355    0.067189901
   186     0.31505658    0.067103810
   187     0.31476193    0.067221315
   188     0.31480641    0.067136665
   189     0.31399867    0.066741391
   190     0.31514966    0.067103664
   191     0.31514626    0.067305455
   192     0.31562243    0.067592234
   193     0.31532126    0.067392998
   194     0.31512813    0.067155760
   195     0.31506033    0.067013798
   196     0.31498669    0.067111509
   197     0.31514203    0.067115930
   198     0.31534845    0.067220007
   199     0.31564104    0.067301090
   200     0.31487915    0.066947576
