     1    0.026243278   0.0025916763
     2    0.046693005   0.0052835206
     3    0.063169152   0.0077932239
     4    0.077834666    0.010417353
     5    0.091200114    0.013105313
     6     0.10433263    0.016073020
     7     0.11622037    0.018867326
     8     0.12867805    0.021920274
     9     0.13822641    0.024524020
    10     0.14824339    0.027244785
    11     0.15795341    0.029829072
    12     0.16636377    0.032135248
    13     0.17502398    0.034554943
    14     0.18250134    0.036970451
    15     0.18925483    0.038875301
    16     0.19576711    0.040645378
    17     0.20155136    0.042146103
    18     0.20721831    0.043850928
    19     0.21251939    0.045203959
    20     0.21819899    0.046796742
    21     0.22295513    0.047885577
    22     0.22707661    0.048984717
    23     0.23170894    0.050312532
    24     0.23631903    0.051373917
    25     0.24002009    0.052364496
    26     0.24369233    0.053463804
    27     0.24755285    0.054367969
    28     0.25101477    0.055027999
    29     0.25440911    0.055907751
    30     0.25733146    0.056453653
    31     0.26047345    0.057291381
    32     0.26215561    0.057747399
    33     0.26448473    0.057958907
    34     0.26659568    0.058414702
    35     0.26923639    0.059218011
    36     0.27127846    0.059525123
    37     0.27324545    0.059731049
    38     0.27535556    0.060502872
    39     0.27760082    0.060829852
    40     0.27969931    0.061487479
    41     0.28073013    0.061903443
    42     0.28175415    0.061886240
    43     0.28300995    0.062177503
    44     0.28477228    0.062464986
    45     0.28599795    0.062685225
    46     0.28691580    0.062955591
    47     0.28829615    0.063302909
    48     0.28994663    0.063292240
    49     0.29094298    0.063612217
    50     0.29212835    0.064134692
    51     0.29203671    0.063604113
    52     0.29330980    0.063735104
    53     0.29445906    0.063976561
    54     0.29541765    0.063988727
    55     0.29640429    0.064360115
    56     0.29737466    0.064686464
    57     0.29834713    0.064803536
    58     0.29870930    0.065112642
    59     0.30027035    0.065155445
    60     0.30008449    0.064726054
    61     0.30189867    0.065245785
    62     0.30233837    0.065507335
    63     0.30256733    0.065470630
    64     0.30358236    0.065498999
    65     0.30357429    0.065353014
    66     0.30397205    0.065162173
    67     0.30426415    0.065373727
    68     0.30551413    0.065738170
    69     0.30566095    0.065741893
    70     0.30575734    0.065713535
    71     0.30564653    0.065627816
    72     0.30518339    0.065550230
    73     0.30614728    0.065810126
    74     0.30599372    0.065615940
    75     0.30614501    0.065657138
    76     0.30585575    0.065424241
    77     0.30613014    0.065712266
    78     0.30670988    0.065779214
    79     0.30713934    0.065900146
    80     0.30702599    0.066145805
    81     0.30792936    0.066304934
    82     0.30914272    0.066555010
    83     0.30944177    0.066494642
    84     0.30996824    0.066624987
    85     0.31003240    0.066797912
    86     0.31049487    0.066747474
    87     0.31080922    0.066676716
    88     0.31115111    0.066744399
    89     0.31188157    0.066752746
    90     0.31145230    0.066673747
    91     0.31092223    0.066545425
    92     0.31143620    0.066595515
    93     0.31180253    0.066838238
    94     0.31175619    0.066822625
    95     0.31181005    0.066648496
    96     0.31145869    0.066381469
    97     0.31177742    0.066516327
    98     0.31135615    0.066571869
    99     0.31087707    0.066481982
   100     0.31079470    0.066674724
