     1    0.026643197   0.0026456027
     2    0.046941972   0.0052957198
     3    0.064086715   0.0079663094
     4    0.079090298    0.010782979
     5    0.092211068    0.013540525
     6     0.10453237    0.016314971
     7     0.11663347    0.019121985
     8     0.12636193    0.021567660
     9     0.13664090    0.024153392
    10     0.14599447    0.026448115
    11     0.15536987    0.028842530
    12     0.16368647    0.031097655
    13     0.17189402    0.033602188
    14     0.17944215    0.035683837
    15     0.18640180    0.037750046
    16     0.19336701    0.039707441
    17     0.20076245    0.041912861
    18     0.20693550    0.043803319
    19     0.21250314    0.045154093
    20     0.21706000    0.046641844
    21     0.22252902    0.047892403
    22     0.22760049    0.049405653
    23     0.23170281    0.050436559
    24     0.23570344    0.051381830
    25     0.23980674    0.052526964
    26     0.24383000    0.053562213
    27     0.24778248    0.054391556
    28     0.25016313    0.055103344
    29     0.25322415    0.055916521
    30     0.25639026    0.056417565
    31     0.25853525    0.056736957
    32     0.26168013    0.057398464
    33     0.26343949    0.057799128
    34     0.26546193    0.058340350
    35     0.26785220    0.058953465
    36     0.27042629    0.059251045
    37     0.27169638    0.059445209
    38     0.27334612    0.059866631
    39     0.27567627    0.060349334
    40     0.27809354    0.060920543
    41     0.28015984    0.061331080
    42     0.28130537    0.061354421
    43     0.28254596    0.061622313
    44     0.28429230    0.062154911
    45     0.28624676    0.062799458
    46     0.28738145    0.062940775
    47     0.28856323    0.063024186
    48     0.28968208    0.063297956
    49     0.29015093    0.063191021
    50     0.29181959    0.063519040
    51     0.29308478    0.063381548
    52     0.29388975    0.063843740
    53     0.29537122    0.063984463
    54     0.29591642    0.064177805
    55     0.29593634    0.064363439
    56     0.29612938    0.064166997
    57     0.29702505    0.064436271
    58     0.29777810    0.064771675
    59     0.29911040    0.065016269
    60     0.29939819    0.064974671
    61     0.29998285    0.065252931
    62     0.30027740    0.065216367
    63     0.30129981    0.065311452
    64     0.30137041    0.065312393
    65     0.30172314    0.065346480
    66     0.30230202    0.065296791
    67     0.30207254    0.065199392
    68     0.30245746    0.065104646
    69     0.30266988    0.065077224
    70     0.30327933    0.065050020
    71     0.30374511    0.065387129
    72     0.30392596    0.065462794
    73     0.30505710    0.065730916
    74     0.30542176    0.065797082
    75     0.30622082    0.066020860
    76     0.30601594    0.065752076
    77     0.30652311    0.065967336
    78     0.30810327    0.066184138
    79     0.30774967    0.066243099
    80     0.30854751    0.066369367
    81     0.30904386    0.066540032
    82     0.30922397    0.066624216
    83     0.30912708    0.066592110
    84     0.30844454    0.066549527
    85     0.30814715    0.066530517
    86     0.30892835    0.066565112
    87     0.30843991    0.066459724
    88     0.30862580    0.066457839
    89     0.30857378    0.066411539
    90     0.30907410    0.066510877
    91     0.30886158    0.066499182
    92     0.30900536    0.066234441
    93     0.30926535    0.066260110
    94     0.30926432    0.066233913
    95     0.30886157    0.066213170
    96     0.30896365    0.066102920
    97     0.30907273    0.066060674
    98     0.31082556    0.066242274
    99     0.31054162    0.066347571
   100     0.31083406    0.066631436
