     1   0.0026470483 2.6434979E-005
     2   0.0046700465 5.2861930E-005
     3   0.0063665817 8.0375248E-005
     4   0.0078932376  0.00010751314
     5   0.0092148214  0.00013572599
     6    0.010488758  0.00016242892
     7    0.011607180  0.00018578499
     8    0.012742756  0.00021621146
     9    0.013752411  0.00024380649
    10    0.014777043  0.00027106587
    11    0.015630984  0.00029656793
    12    0.016565417  0.00032197087
    13    0.017400491  0.00034940091
    14    0.018165832  0.00037526169
    15    0.019060672  0.00040409666
    16    0.019857602  0.00043335722
    17    0.020625791  0.00046096967
    18    0.021333165  0.00048934861
    19    0.021968680  0.00051352615
    20    0.022679770  0.00053982798
    21    0.023412920  0.00056984623
    22    0.024049920  0.00059556144
    23    0.024696254  0.00062267272
    24    0.025358854  0.00065010884
    25    0.025953210  0.00067733712
    26    0.026551441  0.00070667109
    27    0.027104962  0.00073114424
    28    0.027724443  0.00075946539
    29    0.028281338  0.00078491720
    30    0.028748236  0.00081157630
    31    0.029404057  0.00084153298
    32    0.029902517  0.00086996415
    33    0.030496389  0.00089667688
    34    0.031045559  0.00092590908
    35    0.031572498  0.00095261601
    36    0.032100569  0.00098274436
    37    0.032555508   0.0010070291
    38    0.033053086   0.0010308115
    39    0.033535486   0.0010518283
    40    0.034072383   0.0010836160
    41    0.034562971   0.0011115234
    42    0.035043390   0.0011386890
    43    0.035562841   0.0011685896
    44    0.036066525   0.0011978378
    45    0.036560826   0.0012233413
    46    0.036994263   0.0012506237
    47    0.037488371   0.0012801592
    48    0.037900981   0.0013053790
    49    0.038320877   0.0013308783
    50    0.038659657   0.0013573290
    51    0.039135235   0.0013860030
    52    0.039524721   0.0014123747
    53    0.039954404   0.0014418222
    54    0.040412675   0.0014689510
    55    0.040815449   0.0015000607
    56    0.041280332   0.0015311125
    57    0.041779205   0.0015627442
    58    0.042107735   0.0015848629
    59    0.042484977   0.0016125588
    60    0.042877513   0.0016373762
    61    0.043307019   0.0016675080
    62    0.043770737   0.0016972424
    63    0.044132654   0.0017239667
    64    0.044564347   0.0017497521
    65    0.044962315   0.0017755954
    66    0.045334050   0.0018050127
    67    0.045674969   0.0018295578
    68    0.046048051   0.0018605336
    69    0.046448426   0.0018924465
    70    0.046782835   0.0019179494
    71    0.047208305   0.0019477914
    72    0.047580278   0.0019728638
    73    0.047923721   0.0020028898
    74    0.048302143   0.0020270292
    75    0.048664365   0.0020521933
    76    0.048957390   0.0020747461
    77    0.049268714   0.0020993436
    78    0.049667355   0.0021246935
    79    0.050045311   0.0021541713
    80    0.050441667   0.0021772894
    81    0.050717900   0.0022039813
    82    0.051097668   0.0022377840
    83    0.051396498   0.0022633404
    84    0.051778977   0.0022955345
    85    0.052108393   0.0023236356
    86    0.052525442   0.0023518431
    87    0.052813825   0.0023795516
    88    0.053224544   0.0024090071
    89    0.053570097   0.0024340798
    90    0.053852970   0.0024573759
    91    0.054137197   0.0024780450
    92    0.054357089   0.0025069870
    93    0.054677388   0.0025289625
    94    0.055031776   0.0025547253
    95    0.055415944   0.0025852372
    96    0.055682204   0.0026134718
    97    0.055991897   0.0026424832
    98    0.056312929   0.0026678305
    99    0.056597252   0.0026884009
   100    0.056919006   0.0027078973
