     1    0.033213117   0.0022182006
     2    0.056899021   0.0052876174
     3    0.075208012   0.0081063976
     4    0.092032892    0.011156260
     5     0.10546914    0.013876260
     6     0.11955999    0.017044762
     7     0.13102669    0.019890393
     8     0.14280234    0.022930384
     9     0.15311240    0.025934787
    10     0.16240067    0.028555281
    11     0.17188169    0.031102846
    12     0.18007268    0.033239675
    13     0.18778535    0.035220881
    14     0.19472909    0.037353750
    15     0.20216382    0.039391493
    16     0.20834951    0.040941612
    17     0.21483794    0.042875483
    18     0.21942507    0.044002283
    19     0.22438839    0.045221445
    20     0.22911667    0.046487030
    21     0.23350658    0.047779464
    22     0.23798543    0.048981633
    23     0.24156005    0.049687269
    24     0.24519933    0.050491613
    25     0.24798782    0.050934663
    26     0.25030596    0.051354140
    27     0.25281731    0.051859458
    28     0.25630746    0.052636295
    29     0.25965109    0.053438817
    30     0.26246324    0.053831805
    31     0.26338501    0.053735570
    32     0.26580174    0.054076920
    33     0.26855306    0.055030781
    34     0.27011557    0.055471018
    35     0.27168977    0.055936836
    36     0.27296802    0.056015608
    37     0.27434668    0.056423035
    38     0.27648075    0.056810599
    39     0.27720999    0.056942325
    40     0.27780890    0.056893494
    41     0.27843852    0.056720048
    42     0.28014752    0.057006115
    43     0.28073409    0.057203418
    44     0.28155574    0.057292190
    45     0.28343696    0.057640235
    46     0.28455125    0.057764954
    47     0.28544066    0.057972123
    48     0.28637507    0.058138302
    49     0.28634299    0.058062632
    50     0.28671768    0.057966296
    51     0.28749206    0.058150418
    52     0.28837639    0.057984862
    53     0.28909938    0.058388930
    54     0.28910618    0.058326941
    55     0.29012747    0.058342602
    56     0.29051243    0.058538758
    57     0.29137000    0.058584321
    58     0.29196292    0.058797575
    59     0.29234171    0.058784669
    60     0.29240566    0.059083041
    61     0.29304680    0.059010572
    62     0.29270779    0.059436425
    63     0.29333271    0.059415315
    64     0.29329920    0.059136279
    65     0.29334229    0.059243230
    66     0.29400299    0.058961046
    67     0.29447622    0.059121761
    68     0.29492502    0.059368269
    69     0.29579245    0.059502071
    70     0.29579773    0.059894662
    71     0.29706943    0.059809854
    72     0.29649927    0.059668097
    73     0.29618979    0.059432363
    74     0.29613026    0.059370202
    75     0.29650750    0.059438293
    76     0.29789213    0.059825818
    77     0.29782011    0.059690211
    78     0.29836645    0.059840975
    79     0.29876668    0.059941883
    80     0.29819578    0.060184899
    81     0.29897846    0.060161482
    82     0.29772277    0.059909602
    83     0.29764185    0.059726275
    84     0.29681849    0.059443716
    85     0.29707383    0.059209046
    86     0.29681477    0.059044922
    87     0.29704782    0.059160274
    88     0.29720944    0.059173746
    89     0.29815885    0.059594270
    90     0.29832050    0.060027549
    91     0.29926109    0.060229194
    92     0.29846557    0.059912400
    93     0.29879808    0.059959837
    94     0.29906349    0.059990143
    95     0.29888915    0.059717486
    96     0.29848950    0.059860201
    97     0.29908697    0.060035212
    98     0.29914724    0.060088575
    99     0.29866616    0.059931711
   100     0.29887440    0.060111293
