     1   0.0033629787 2.2320161E-005
     2   0.0057075176 5.2811537E-005
     3   0.0075359055 8.2163238E-005
     4   0.0091947625  0.00011178829
     5    0.010507683  0.00013861828
     6    0.011774346  0.00016548548
     7    0.012986771  0.00019529384
     8    0.014122059  0.00022445565
     9    0.015117649  0.00025047284
    10    0.016140749  0.00027808494
    11    0.017076111  0.00030870001
    12    0.018054775  0.00033844578
    13    0.018865544  0.00036548361
    14    0.019676460  0.00039054609
    15    0.020505067  0.00042139064
    16    0.021322952  0.00045203658
    17    0.022096161  0.00047904905
    18    0.022858641  0.00051061126
    19    0.023662243  0.00054027821
    20    0.024352734  0.00057098187
    21    0.025039049  0.00059953731
    22    0.025692048  0.00062687368
    23    0.026376534  0.00065584484
    24    0.026998301  0.00068307998
    25    0.027524526  0.00070791518
    26    0.028191849  0.00073887499
    27    0.028819549  0.00076394918
    28    0.029398738  0.00079037043
    29    0.029911721  0.00081572497
    30    0.030525660  0.00084081179
    31    0.031080863  0.00086982535
    32    0.031594519  0.00089586933
    33    0.032135168  0.00092113001
    34    0.032694702  0.00094835923
    35    0.033190179  0.00097707805
    36    0.033707370   0.0010023850
    37    0.034253859   0.0010340509
    38    0.034796811   0.0010665629
    39    0.035361197   0.0010972253
    40    0.035861648   0.0011217978
    41    0.036331593   0.0011468223
    42    0.036804268   0.0011786177
    43    0.037316942   0.0012063762
    44    0.037692704   0.0012329597
    45    0.038157841   0.0012592507
    46    0.038601048   0.0012856160
    47    0.039150057   0.0013131867
    48    0.039582523   0.0013427045
    49    0.040064725   0.0013730434
    50    0.040491941   0.0014034885
    51    0.040986395   0.0014351531
    52    0.041445954   0.0014694839
    53    0.041916752   0.0014989151
    54    0.042390035   0.0015305133
    55    0.042746756   0.0015564087
    56    0.043180264   0.0015798868
    57    0.043435715   0.0016057323
    58    0.043897954   0.0016334396
    59    0.044339648   0.0016658211
    60    0.044779990   0.0016938253
    61    0.045111518   0.0017173777
    62    0.045575228   0.0017441240
    63    0.045947031   0.0017736239
    64    0.046434751   0.0018056932
    65    0.046827385   0.0018348268
    66    0.047156842   0.0018593822
    67    0.047557000   0.0018873858
    68    0.048012277   0.0019145042
    69    0.048331284   0.0019423674
    70    0.048688277   0.0019727349
    71    0.049060543   0.0019996911
    72    0.049427318   0.0020262391
    73    0.049800735   0.0020576925
    74    0.050120353   0.0020848920
    75    0.050448066   0.0021089999
    76    0.050822161   0.0021348036
    77    0.051139150   0.0021624161
    78    0.051552696   0.0021943264
    79    0.051935514   0.0022230947
    80    0.052276335   0.0022526763
    81    0.052711149   0.0022860449
    82    0.053094749   0.0023110141
    83    0.053391439   0.0023386347
    84    0.053804946   0.0023668353
    85    0.054186428   0.0023963293
    86    0.054398064   0.0024181924
    87    0.054767925   0.0024508542
    88    0.055133031   0.0024732858
    89    0.055414406   0.0025000608
    90    0.055771619   0.0025273654
    91    0.056056338   0.0025593928
    92    0.056410617   0.0025881866
    93    0.056709930   0.0026076287
    94    0.057009189   0.0026363621
    95    0.057395305   0.0026643410
    96    0.057742687   0.0026916371
    97    0.057998736   0.0027198377
    98    0.058264097   0.0027448360
    99    0.058517850   0.0027711255
   100    0.058839295   0.0028039744
   101    0.059130226   0.0028308881
   102    0.059423428   0.0028529554
   103    0.059744362   0.0028838617
   104    0.060045229   0.0029073661
   105    0.060355202   0.0029358455
   106    0.060754920   0.0029688028
   107    0.061027731   0.0029921200
   108    0.061313956   0.0030210422
   109    0.061628695   0.0030503398
   110    0.061975298   0.0030838427
   111    0.062295411   0.0031138414
   112    0.062616506   0.0031399172
   113    0.063015823   0.0031716846
   114    0.063292228   0.0032009952
   115    0.063548066   0.0032288273
   116    0.063869414   0.0032553068
   117    0.064145327   0.0032846219
   118    0.064371144   0.0033169373
   119    0.064645786   0.0033425581
   120    0.065037051   0.0033732687
   121    0.065258095   0.0033975012
   122    0.065561593   0.0034255024
   123    0.065826137   0.0034516783
   124    0.066052317   0.0034754549
   125    0.066281106   0.0035059438
   126    0.066597685   0.0035294537
   127    0.066856707   0.0035615632
   128    0.067102985   0.0035892418
   129    0.067388960   0.0036180639
   130    0.067655256   0.0036472722
   131    0.067929022   0.0036769048
   132    0.068209961   0.0037058814
   133    0.068488470   0.0037311915
   134    0.068781883   0.0037588183
   135    0.069109388   0.0037857436
   136    0.069416126   0.0038152287
   137    0.069679787   0.0038524711
   138    0.069980205   0.0038823305
   139    0.070286052   0.0039117496
   140    0.070596780   0.0039353589
   141    0.070780958   0.0039634255
   142    0.071009297   0.0039905099
   143    0.071232230   0.0040119667
   144    0.071464993   0.0040418948
   145    0.071729165   0.0040725012
   146    0.071899025   0.0040972609
   147    0.072267094   0.0041250685
   148    0.072583233   0.0041533300
   149    0.072883559   0.0041777107
   150    0.073130108   0.0042103926
   151    0.073391322   0.0042370335
   152    0.073601275   0.0042665502
   153    0.073837305   0.0042914710
   154    0.074168594   0.0043175222
   155    0.074443761   0.0043475601
   156    0.074716211   0.0043717864
   157    0.074914038   0.0044041307
   158    0.075105585   0.0044286600
   159    0.075327233   0.0044587771
   160    0.075644066   0.0044826510
   161    0.075872493   0.0045115636
   162    0.076085486   0.0045439001
   163    0.076411555   0.0045697968
   164    0.076632513   0.0045956385
   165    0.076762115   0.0046196128
   166    0.076992696   0.0046510734
   167    0.077234461   0.0046727983
   168    0.077373838   0.0046981423
   169    0.077651554   0.0047248298
   170    0.077967590   0.0047538511
   171    0.078121875   0.0047813423
   172    0.078464497   0.0048107647
   173    0.078646759   0.0048389503
   174    0.078864823   0.0048664317
   175    0.079087667   0.0048928141
   176    0.079414923   0.0049245610
   177    0.079566406   0.0049471724
   178    0.079698539   0.0049691410
   179    0.079922711   0.0049906458
   180    0.080111383   0.0050141581
   181    0.080352979   0.0050462693
   182    0.080592902   0.0050791237
   183    0.080750844   0.0051032215
   184    0.080885090   0.0051272439
   185    0.081214918   0.0051602730
   186    0.081419842   0.0051869844
   187    0.081688109   0.0052104895
   188    0.081940057   0.0052415409
   189    0.082107706   0.0052659406
   190    0.082340805   0.0052979948
   191    0.082594810   0.0053281747
   192    0.082778163   0.0053579092
   193    0.083104048   0.0053831341
   194    0.083219606   0.0054110085
   195    0.083505877   0.0054386854
   196    0.083682323   0.0054615589
   197    0.083961146   0.0054914824
   198    0.084193435   0.0055190481
   199    0.084407483   0.0055398317
   200    0.084680808   0.0055676536
   201    0.085014527   0.0055989022
   202    0.085125483   0.0056307216
   203    0.085370367   0.0056599611
   204    0.085606096   0.0056847921
   205    0.085794180   0.0057089933
   206    0.086013519   0.0057402077
   207    0.086137209   0.0057665149
   208    0.086335050   0.0057880229
   209    0.086515118   0.0058155274
   210    0.086681946   0.0058424706
   211    0.086840783   0.0058636424
   212    0.087073145   0.0058861447
   213    0.087225885   0.0059077261
   214    0.087469516   0.0059343900
   215    0.087750975   0.0059640454
   216    0.087979557   0.0059951559
   217    0.088179562   0.0060183356
   218    0.088360022   0.0060458990
   219    0.088596303   0.0060709929
   220    0.088786102   0.0061015095
   221    0.088910335   0.0061305525
   222    0.089181168   0.0061611725
   223    0.089284284   0.0061899092
   224    0.089507683   0.0062086196
   225    0.089641456   0.0062404515
   226    0.089957041   0.0062679968
   227    0.090157044   0.0062901258
   228    0.090419641   0.0063177927
   229    0.090664375   0.0063430434
   230    0.090920355   0.0063622211
   231    0.091138320   0.0063855403
   232    0.091347861   0.0064090997
   233    0.091519651   0.0064403564
   234    0.091752157   0.0064737354
   235    0.092020022   0.0065028217
   236    0.092172996   0.0065308880
   237    0.092327362   0.0065600980
   238    0.092625923   0.0065897906
   239    0.092842673   0.0066229783
   240    0.092978975   0.0066495611
   241    0.093204080   0.0066794694
   242    0.093373048   0.0067089097
   243    0.093446191   0.0067409288
   244    0.093600351   0.0067651628
   245    0.093931458   0.0067980314
   246    0.094171935   0.0068218164
   247    0.094378076   0.0068535663
   248    0.094577924   0.0068829721
   249    0.094846798   0.0069084802
   250    0.095064665   0.0069400619
   251    0.095225471   0.0069686578
   252    0.095403761   0.0069970907
   253    0.095587425   0.0070245444
   254    0.095799444   0.0070536189
   255    0.096024589   0.0070820662
   256    0.096205643   0.0071090585
   257    0.096412772   0.0071359958
   258    0.096597814   0.0071662252
   259    0.096704798   0.0071932256
   260    0.097039469   0.0072223888
   261    0.097211838   0.0072504242
   262    0.097458380   0.0072794944
   263    0.097716484   0.0073024017
   264    0.097884844   0.0073306827
   265    0.098000059   0.0073617485
   266    0.098284020   0.0073906839
   267    0.098377389   0.0074244308
   268    0.098658125   0.0074440825
   269    0.098891181   0.0074750414
   270    0.099030719   0.0075006141
   271    0.099166844   0.0075277962
   272    0.099370253   0.0075611397
   273    0.099606740   0.0075911881
   274    0.099747332   0.0076223186
   275    0.099935437   0.0076529052
   276     0.10015597   0.0076800772
   277     0.10038056   0.0077076901
   278     0.10050920   0.0077287106
   279     0.10073154   0.0077517495
   280     0.10091283   0.0077746077
   281     0.10104563   0.0078031128
   282     0.10116832   0.0078219856
   283     0.10136115   0.0078492289
   284     0.10147214   0.0078752248
   285     0.10167429   0.0078973118
   286     0.10192382   0.0079188012
   287     0.10209668   0.0079446800
   288     0.10226310   0.0079734277
   289     0.10242074   0.0080095171
   290     0.10260357   0.0080251169
   291     0.10271490   0.0080470370
   292     0.10285595   0.0080733305
   293     0.10300508   0.0080998155
   294     0.10331352   0.0081335572
   295     0.10351067   0.0081627121
   296     0.10379550   0.0081968514
   297     0.10404522   0.0082239746
   298     0.10421345   0.0082447235
   299     0.10432495   0.0082682088
   300     0.10450062   0.0082931800
   301     0.10463183   0.0083242742
   302     0.10491782   0.0083529214
   303     0.10519124   0.0083862015
   304     0.10532027   0.0084172268
   305     0.10552840   0.0084474006
   306     0.10573722   0.0084703498
   307     0.10591302   0.0084922705
   308     0.10605026   0.0085147368
   309     0.10619617   0.0085428309
   310     0.10638758   0.0085706500
   311     0.10651939   0.0086098187
   312     0.10667775   0.0086355016
   313     0.10682448   0.0086689054
   314     0.10697521   0.0087066807
   315     0.10717742   0.0087381371
   316     0.10735754   0.0087598889
   317     0.10755862   0.0087869088
   318     0.10767247   0.0088228332
   319     0.10796487   0.0088445032
   320     0.10809061   0.0088773714
   321     0.10830809   0.0088997484
   322     0.10849740   0.0089304206
   323     0.10862480   0.0089582716
   324     0.10874970   0.0089883695
   325     0.10888639   0.0090145101
   326     0.10915603   0.0090376414
   327     0.10930990   0.0090603641
   328     0.10942561   0.0090894425
   329     0.10962667   0.0091167285
   330     0.10974808   0.0091570589
   331     0.10991764   0.0091839057
   332     0.11010744   0.0092118847
   333     0.11028650   0.0092409972
   334     0.11051474   0.0092725165
   335     0.11067305   0.0093020002
   336     0.11087615   0.0093267998
   337     0.11108816   0.0093573993
   338     0.11127033   0.0093770497
   339     0.11146029   0.0094095472
   340     0.11169599   0.0094442402
   341     0.11179891   0.0094679045
   342     0.11201481   0.0094953957
   343     0.11223325   0.0095284865
   344     0.11230100   0.0095533029
   345     0.11246909   0.0095720382
   346     0.11267441   0.0095939412
   347     0.11278007   0.0096225009
   348     0.11292399   0.0096496321
   349     0.11310765   0.0096743773
   350     0.11327879   0.0097051585
   351     0.11344531   0.0097326644
   352     0.11364968   0.0097676026
   353     0.11382329   0.0097944683
   354     0.11396640   0.0098203668
   355     0.11409441   0.0098437050
   356     0.11430414   0.0098678088
   357     0.11449097   0.0098985672
   358     0.11477213   0.0099280583
   359     0.11492338   0.0099537027
   360     0.11506053   0.0099895978
   361     0.11517836    0.010021177
   362     0.11539792    0.010040465
   363     0.11547763    0.010070259
   364     0.11553924    0.010093627
   365     0.11569406    0.010124689
   366     0.11585101    0.010159313
   367     0.11604807    0.010178186
   368     0.11609864    0.010210169
   369     0.11636914    0.010229353
   370     0.11646240    0.010256216
   371     0.11661127    0.010276319
   372     0.11673675    0.010306546
   373     0.11695052    0.010335747
   374     0.11716181    0.010362302
   375     0.11730504    0.010383578
   376     0.11756555    0.010407560
   377     0.11771187    0.010443941
   378     0.11791126    0.010474059
   379     0.11800192    0.010500861
   380     0.11823633    0.010521755
   381     0.11835695    0.010553284
   382     0.11854852    0.010574146
   383     0.11862472    0.010604386
   384     0.11889959    0.010634795
   385     0.11910608    0.010664694
   386     0.11918195    0.010688446
   387     0.11928218    0.010717212
   388     0.11959144    0.010741558
   389     0.11976117    0.010767470
   390     0.11984219    0.010797506
   391     0.12001789    0.010833733
   392     0.12027160    0.010860843
   393     0.12042518    0.010876318
   394     0.12055327    0.010901892
   395     0.12074263    0.010928446
   396     0.12092896    0.010956704
   397     0.12105306    0.010981034
   398     0.12121017    0.011001348
   399     0.12135170    0.011034572
   400     0.12150695    0.011064504
   401     0.12154860    0.011093651
   402     0.12168247    0.011122089
   403     0.12181472    0.011154886
   404     0.12204185    0.011175650
   405     0.12219318    0.011204706
   406     0.12239589    0.011228981
   407     0.12249813    0.011260525
   408     0.12261907    0.011290281
   409     0.12282778    0.011313543
   410     0.12295957    0.011342712
   411     0.12316755    0.011363244
   412     0.12337332    0.011394350
   413     0.12348809    0.011412577
   414     0.12363850    0.011443951
   415     0.12380658    0.011473356
   416     0.12403600    0.011504012
   417     0.12402138    0.011532555
   418     0.12424997    0.011557102
   419     0.12437333    0.011582132
   420     0.12457406    0.011603180
   421     0.12462170    0.011629142
   422     0.12475967    0.011647425
   423     0.12487323    0.011679315
   424     0.12509075    0.011703056
   425     0.12525359    0.011725791
   426     0.12532944    0.011755037
   427     0.12548989    0.011792623
   428     0.12561598    0.011816978
   429     0.12572363    0.011849982
   430     0.12593642    0.011876782
   431     0.12608357    0.011904279
   432     0.12617049    0.011938427
   433     0.12638296    0.011957196
   434     0.12647983    0.011983472
   435     0.12660135    0.012015298
   436     0.12681153    0.012040356
   437     0.12704759    0.012065488
   438     0.12719366    0.012093916
   439     0.12737537    0.012128387
   440     0.12743342    0.012167259
   441     0.12755449    0.012190410
   442     0.12763583    0.012214677
   443     0.12781457    0.012235378
   444     0.12802040    0.012263992
   445     0.12812300    0.012294251
   446     0.12826757    0.012322940
   447     0.12838993    0.012349580
   448     0.12856888    0.012378281
   449     0.12875945    0.012412914
   450     0.12890423    0.012441560
   451     0.12903215    0.012467994
   452     0.12916444    0.012488746
   453     0.12928016    0.012520711
   454     0.12948954    0.012554549
   455     0.12958651    0.012579419
   456     0.12982827    0.012602835
   457     0.12995604    0.012633011
   458     0.13002083    0.012660558
   459     0.13012460    0.012684500
   460     0.13023950    0.012719487
   461     0.13039267    0.012747478
   462     0.13054358    0.012772915
   463     0.13072522    0.012790945
   464     0.13088597    0.012823100
   465     0.13102463    0.012844478
   466     0.13119313    0.012871197
   467     0.13137929    0.012898718
   468     0.13148410    0.012931571
   469     0.13161044    0.012956515
   470     0.13177309    0.012986485
   471     0.13180209    0.013013263
   472     0.13188060    0.013042381
   473     0.13197406    0.013071097
   474     0.13215471    0.013092432
   475     0.13232738    0.013119559
   476     0.13245878    0.013160501
   477     0.13273939    0.013182182
   478     0.13284734    0.013214985
   479     0.13304147    0.013251344
   480     0.13318694    0.013273153
   481     0.13341935    0.013310100
   482     0.13357381    0.013336889
   483     0.13372524    0.013369636
   484     0.13380844    0.013395556
   485     0.13393968    0.013416832
   486     0.13416604    0.013458089
   487     0.13433381    0.013489097
   488     0.13445684    0.013519008
   489     0.13458303    0.013544361
   490     0.13478479    0.013562878
   491     0.13480579    0.013598943
   492     0.13489788    0.013619407
   493     0.13505404    0.013642480
   494     0.13517801    0.013673351
   495     0.13532098    0.013702636
   496     0.13549131    0.013733750
   497     0.13560981    0.013760030
   498     0.13579163    0.013791496
   499     0.13590824    0.013806762
   500     0.13608608    0.013826667
   501     0.13617820    0.013851013
   502     0.13641559    0.013882488
   503     0.13655399    0.013908999
   504     0.13667778    0.013935218
   505     0.13685351    0.013969481
   506     0.13697464    0.013992608
   507     0.13713853    0.014020515
   508     0.13720825    0.014041871
   509     0.13726828    0.014064711
   510     0.13739517    0.014091171
   511     0.13754137    0.014122857
   512     0.13760359    0.014140636
   513     0.13770834    0.014167103
   514     0.13785022    0.014201915
   515     0.13799842    0.014229775
   516     0.13815353    0.014248683
   517     0.13827084    0.014274288
   518     0.13853426    0.014301868
   519     0.13861148    0.014333533
   520     0.13884941    0.014359209
   521     0.13892469    0.014385225
   522     0.13898845    0.014417856
   523     0.13914803    0.014444317
   524     0.13924714    0.014464751
   525     0.13934517    0.014495668
   526     0.13951054    0.014520347
   527     0.13968575    0.014548387
   528     0.13977682    0.014571721
   529     0.13997365    0.014600893
   530     0.14008099    0.014623850
   531     0.14019793    0.014649406
   532     0.14038965    0.014677472
   533     0.14047051    0.014711748
   534     0.14061649    0.014739271
   535     0.14076858    0.014762789
   536     0.14094338    0.014785315
   537     0.14099408    0.014814121
   538     0.14122012    0.014835351
   539     0.14135445    0.014863209
   540     0.14157056    0.014878974
   541     0.14167799    0.014904845
   542     0.14179506    0.014930663
   543     0.14198177    0.014965120
   544     0.14214763    0.014990890
   545     0.14229006    0.015018737
   546     0.14244449    0.015052886
   547     0.14256992    0.015090284
   548     0.14274762    0.015113633
   549     0.14285199    0.015141546
   550     0.14298476    0.015182072
   551     0.14306874    0.015211205
   552     0.14326102    0.015234841
   553     0.14337498    0.015253047
   554     0.14344360    0.015280452
   555     0.14348111    0.015295791
   556     0.14357855    0.015331415
   557     0.14372225    0.015374036
   558     0.14383471    0.015404382
   559     0.14398294    0.015432512
   560     0.14419102    0.015453586
   561     0.14434110    0.015484339
   562     0.14450010    0.015514205
   563     0.14460281    0.015543592
   564     0.14474163    0.015569843
   565     0.14489387    0.015601171
   566     0.14505566    0.015623898
   567     0.14519227    0.015655456
   568     0.14541374    0.015680417
   569     0.14543969    0.015705568
   570     0.14555864    0.015735079
   571     0.14569298    0.015766157
   572     0.14581704    0.015794384
   573     0.14588621    0.015822709
   574     0.14617123    0.015849195
   575     0.14643855    0.015879977
   576     0.14653569    0.015909295
   577     0.14669200    0.015936770
   578     0.14683811    0.015953496
   579     0.14695750    0.015986517
   580     0.14703171    0.016020225
   581     0.14721593    0.016055487
   582     0.14738688    0.016085370
   583     0.14753693    0.016116065
   584     0.14765066    0.016145614
   585     0.14779411    0.016177927
   586     0.14800551    0.016197795
   587     0.14801631    0.016230223
   588     0.14809215    0.016262001
   589     0.14815058    0.016285365
   590     0.14825180    0.016304785
   591     0.14843467    0.016340827
   592     0.14855847    0.016371592
   593     0.14876513    0.016391740
   594     0.14885858    0.016420580
   595     0.14907336    0.016443363
   596     0.14912168    0.016471143
   597     0.14938084    0.016481953
   598     0.14945643    0.016515725
   599     0.14961894    0.016546581
   600     0.14977596    0.016572921
   601     0.14986744    0.016604339
   602     0.15000080    0.016632451
   603     0.15009556    0.016663016
   604     0.15022170    0.016685058
   605     0.15038818    0.016704608
   606     0.15045953    0.016721999
   607     0.15063128    0.016749157
   608     0.15078887    0.016778891
   609     0.15095444    0.016797452
   610     0.15119332    0.016822868
   611     0.15122965    0.016853644
   612     0.15135878    0.016877717
   613     0.15142820    0.016894205
   614     0.15159853    0.016929353
   615     0.15169951    0.016959650
   616     0.15185250    0.016987745
   617     0.15202462    0.017009806
   618     0.15215458    0.017043083
   619     0.15231771    0.017080099
   620     0.15237529    0.017107875
   621     0.15252774    0.017141682
   622     0.15270631    0.017168755
   623     0.15288065    0.017200248
   624     0.15296848    0.017234906
   625     0.15304881    0.017255774
   626     0.15323123    0.017285698
   627     0.15334514    0.017314401
   628     0.15347084    0.017342556
   629     0.15355218    0.017363929
   630     0.15363825    0.017397616
   631     0.15382878    0.017420374
   632     0.15403595    0.017461003
   633     0.15419166    0.017498711
   634     0.15437254    0.017534690
   635     0.15441734    0.017567695
   636     0.15456913    0.017595687
   637     0.15463789    0.017621522
   638     0.15476248    0.017643854
   639     0.15488418    0.017667800
   640     0.15501508    0.017689588
   641     0.15515597    0.017724061
   642     0.15520682    0.017767093
   643     0.15532761    0.017788761
   644     0.15544864    0.017814977
   645     0.15561403    0.017831133
   646     0.15567205    0.017862033
   647     0.15580610    0.017896262
   648     0.15590534    0.017931735
   649     0.15600155    0.017963627
   650     0.15602723    0.017991794
   651     0.15606276    0.018014768
   652     0.15614499    0.018029134
   653     0.15628775    0.018063410
   654     0.15649247    0.018085155
   655     0.15650857    0.018101729
   656     0.15664933    0.018135543
   657     0.15681351    0.018157925
   658     0.15705145    0.018192845
   659     0.15715428    0.018228982
   660     0.15721448    0.018256657
   661     0.15737909    0.018279388
   662     0.15744288    0.018305786
   663     0.15758952    0.018335744
   664     0.15766942    0.018364846
   665     0.15774476    0.018395545
   666     0.15793532    0.018418311
   667     0.15798654    0.018450269
   668     0.15808585    0.018473732
   669     0.15819954    0.018498678
   670     0.15837929    0.018528850
   671     0.15851880    0.018555572
   672     0.15870190    0.018581792
   673     0.15880422    0.018614819
   674     0.15896425    0.018644506
   675     0.15909699    0.018666427
   676     0.15918918    0.018685240
   677     0.15921360    0.018714011
   678     0.15937111    0.018744329
   679     0.15950918    0.018770087
   680     0.15958940    0.018793690
   681     0.15969619    0.018824046
   682     0.15984423    0.018862340
   683     0.15999152    0.018884506
   684     0.16009352    0.018913721
   685     0.16017499    0.018927091
   686     0.16022324    0.018950235
   687     0.16036409    0.018972054
   688     0.16044464    0.018996132
   689     0.16065695    0.019023802
   690     0.16076972    0.019055314
   691     0.16099869    0.019082397
   692     0.16101134    0.019117199
   693     0.16123546    0.019149679
   694     0.16143920    0.019178215
   695     0.16150168    0.019195900
   696     0.16164734    0.019224878
   697     0.16169615    0.019259346
   698     0.16186666    0.019274739
   699     0.16195092    0.019302529
   700     0.16204958    0.019322593
   701     0.16221523    0.019348086
   702     0.16239613    0.019371178
   703     0.16248884    0.019398814
   704     0.16256823    0.019417829
   705     0.16263502    0.019444766
   706     0.16287554    0.019468849
   707     0.16299633    0.019501061
   708     0.16309671    0.019528257
   709     0.16322359    0.019550124
   710     0.16329565    0.019574937
   711     0.16335505    0.019608784
   712     0.16352232    0.019637848
   713     0.16362869    0.019668161
   714     0.16367558    0.019700614
   715     0.16381556    0.019715042
   716     0.16383464    0.019742738
   717     0.16402895    0.019757458
   718     0.16411906    0.019778200
   719     0.16423135    0.019798963
   720     0.16430641    0.019826287
   721     0.16450387    0.019854433
   722     0.16460426    0.019889150
   723     0.16465858    0.019923114
   724     0.16476222    0.019949426
   725     0.16488365    0.019975195
   726     0.16506069    0.019996236
   727     0.16513068    0.020032926
   728     0.16534932    0.020051513
   729     0.16538598    0.020075615
   730     0.16559396    0.020098195
   731     0.16567606    0.020121223
   732     0.16584854    0.020147116
   733     0.16593936    0.020174724
   734     0.16604598    0.020204373
   735     0.16610898    0.020233679
   736     0.16628134    0.020265793
   737     0.16636661    0.020294535
   738     0.16653519    0.020323156
   739     0.16672733    0.020348867
   740     0.16680781    0.020382547
   741     0.16688802    0.020412736
   742     0.16698009    0.020443837
   743     0.16705932    0.020474142
   744     0.16717936    0.020499461
   745     0.16722776    0.020518272
   746     0.16734612    0.020536762
   747     0.16743921    0.020567323
   748     0.16758227    0.020590264
   749     0.16775679    0.020605154
   750     0.16784313    0.020636969
   751     0.16786567    0.020668550
   752     0.16799134    0.020681627
   753     0.16805903    0.020718976
   754     0.16817361    0.020751048
   755     0.16823544    0.020774382
   756     0.16842933    0.020798442
   757     0.16862437    0.020832259
   758     0.16876225    0.020858475
   759     0.16881360    0.020876076
   760     0.16893455    0.020901441
   761     0.16899210    0.020937487
   762     0.16914836    0.020965411
   763     0.16934473    0.020986390
   764     0.16941976    0.021019127
   765     0.16959149    0.021035091
   766     0.16965182    0.021056398
   767     0.16971188    0.021076331
   768     0.16988104    0.021107310
   769     0.17005982    0.021133912
   770     0.17018150    0.021159028
   771     0.17025984    0.021182112
   772     0.17028161    0.021214005
   773     0.17032722    0.021241097
   774     0.17044260    0.021268479
   775     0.17050720    0.021287023
   776     0.17072784    0.021297891
   777     0.17078260    0.021329099
   778     0.17093251    0.021358977
   779     0.17090958    0.021381408
   780     0.17104631    0.021395614
   781     0.17114509    0.021411221
   782     0.17113415    0.021448291
   783     0.17127207    0.021466424
   784     0.17129034    0.021490434
   785     0.17146244    0.021510258
   786     0.17165837    0.021528406
   787     0.17177986    0.021558851
   788     0.17189829    0.021590360
   789     0.17201054    0.021614410
   790     0.17205887    0.021639958
   791     0.17214823    0.021673071
   792     0.17226206    0.021707948
   793     0.17237077    0.021739508
   794     0.17248234    0.021758487
   795     0.17262060    0.021784775
   796     0.17265122    0.021814676
   797     0.17272944    0.021845760
   798     0.17288592    0.021855803
   799     0.17288332    0.021877141
   800     0.17296457    0.021892299
   801     0.17308177    0.021918553
   802     0.17327247    0.021950607
   803     0.17340890    0.021971957
   804     0.17344856    0.022000974
   805     0.17360387    0.022018779
   806     0.17380175    0.022045159
   807     0.17384696    0.022070504
   808     0.17397623    0.022100902
   809     0.17405363    0.022127974
   810     0.17417170    0.022139720
   811     0.17426415    0.022156437
   812     0.17436224    0.022177982
   813     0.17447675    0.022203450
   814     0.17465279    0.022224909
   815     0.17477058    0.022247970
   816     0.17492858    0.022280002
   817     0.17496576    0.022302664
   818     0.17503887    0.022319058
   819     0.17512177    0.022345422
   820     0.17513391    0.022368497
   821     0.17535349    0.022393172
   822     0.17542667    0.022413962
   823     0.17558180    0.022441844
   824     0.17563374    0.022470738
   825     0.17575886    0.022495357
   826     0.17587044    0.022518112
   827     0.17591095    0.022546689
   828     0.17602144    0.022564517
   829     0.17607460    0.022588756
   830     0.17608854    0.022618863
   831     0.17627258    0.022645756
   832     0.17640623    0.022675475
   833     0.17649542    0.022705170
   834     0.17659189    0.022723114
   835     0.17678945    0.022745718
   836     0.17683474    0.022776888
   837     0.17695956    0.022794132
   838     0.17703620    0.022807889
   839     0.17712014    0.022840035
   840     0.17712427    0.022866866
   841     0.17728862    0.022895090
   842     0.17744635    0.022911898
   843     0.17764279    0.022939446
   844     0.17776903    0.022956392
   845     0.17782820    0.022990992
   846     0.17800086    0.023009492
   847     0.17811345    0.023039524
   848     0.17827606    0.023065139
   849     0.17838697    0.023091775
   850     0.17847342    0.023119691
   851     0.17857850    0.023157603
   852     0.17882589    0.023176058
   853     0.17891213    0.023199655
   854     0.17890252    0.023223482
   855     0.17900152    0.023252545
   856     0.17909630    0.023269170
   857     0.17920978    0.023299387
   858     0.17941192    0.023320002
   859     0.17943458    0.023345541
   860     0.17956713    0.023373693
   861     0.17968286    0.023387160
   862     0.17968021    0.023422146
   863     0.17978474    0.023443173
   864     0.17987658    0.023474959
   865     0.18004484    0.023502065
   866     0.18024140    0.023533790
   867     0.18032871    0.023573451
   868     0.18036404    0.023597788
   869     0.18045603    0.023613489
   870     0.18049680    0.023635789
   871     0.18055189    0.023668520
   872     0.18062649    0.023688861
   873     0.18073277    0.023720557
   874     0.18086182    0.023756409
   875     0.18092797    0.023783480
   876     0.18116666    0.023811674
   877     0.18123277    0.023827287
   878     0.18135982    0.023860460
   879     0.18144405    0.023893909
   880     0.18156644    0.023916251
   881     0.18174453    0.023937721
   882     0.18179587    0.023962995
   883     0.18177407    0.023994685
   884     0.18196264    0.024016944
   885     0.18207645    0.024047183
   886     0.18222072    0.024075763
   887     0.18228015    0.024101536
   888     0.18227908    0.024123549
   889     0.18248522    0.024134283
   890     0.18261683    0.024150950
   891     0.18264919    0.024191806
   892     0.18274286    0.024216222
   893     0.18285791    0.024248309
   894     0.18294469    0.024279321
   895     0.18307640    0.024294352
   896     0.18324083    0.024315397
   897     0.18335456    0.024344421
   898     0.18345995    0.024365850
   899     0.18357003    0.024384759
   900     0.18369801    0.024398372
   901     0.18373940    0.024419034
   902     0.18389906    0.024445003
   903     0.18403863    0.024472869
   904     0.18409651    0.024495709
   905     0.18411104    0.024503385
   906     0.18409435    0.024533382
   907     0.18431764    0.024553471
   908     0.18440628    0.024595917
   909     0.18447960    0.024624628
   910     0.18452014    0.024649245
   911     0.18473567    0.024665223
   912     0.18489991    0.024690082
   913     0.18496865    0.024727054
   914     0.18520548    0.024746372
   915     0.18524519    0.024775986
   916     0.18525169    0.024802853
   917     0.18532529    0.024821077
   918     0.18546404    0.024846045
   919     0.18553327    0.024875440
   920     0.18567801    0.024885534
   921     0.18588568    0.024904006
   922     0.18592025    0.024935269
   923     0.18603664    0.024950861
   924     0.18614448    0.024974983
   925     0.18615496    0.025005065
   926     0.18619632    0.025026767
   927     0.18631565    0.025050592
   928     0.18650640    0.025060629
   929     0.18648979    0.025085337
   930     0.18649787    0.025112274
   931     0.18660129    0.025131352
   932     0.18665610    0.025173030
   933     0.18681825    0.025187916
   934     0.18688947    0.025199080
   935     0.18700929    0.025232825
   936     0.18708208    0.025266992
   937     0.18709466    0.025285794
   938     0.18719822    0.025296829
   939     0.18729922    0.025320992
   940     0.18748835    0.025351575
   941     0.18752359    0.025364507
   942     0.18754219    0.025386553
   943     0.18760608    0.025414441
   944     0.18768964    0.025438161
   945     0.18784570    0.025469530
   946     0.18802433    0.025490713
   947     0.18803400    0.025515466
   948     0.18814367    0.025539745
   949     0.18813170    0.025578834
   950     0.18830088    0.025595231
   951     0.18840823    0.025618811
   952     0.18855865    0.025632350
   953     0.18857978    0.025663137
   954     0.18870805    0.025669943
   955     0.18869317    0.025697844
   956     0.18886573    0.025725609
   957     0.18895222    0.025748458
   958     0.18904391    0.025780164
   959     0.18917056    0.025809567
   960     0.18919155    0.025836936
   961     0.18929686    0.025870402
   962     0.18936201    0.025893374
   963     0.18970990    0.025904517
   964     0.18981101    0.025925212
   965     0.18995133    0.025946781
   966     0.19005962    0.025974972
   967     0.19008658    0.026000736
   968     0.19018297    0.026016140
   969     0.19030882    0.026051757
   970     0.19034537    0.026086297
   971     0.19041577    0.026114666
   972     0.19055202    0.026135526
   973     0.19062347    0.026152776
   974     0.19072480    0.026180408
   975     0.19085108    0.026212198
   976     0.19096036    0.026241246
   977     0.19109259    0.026263711
   978     0.19126535    0.026282252
   979     0.19132160    0.026304241
   980     0.19145659    0.026329508
   981     0.19164387    0.026361135
   982     0.19172713    0.026389723
   983     0.19183791    0.026428514
   984     0.19198923    0.026452819
   985     0.19208271    0.026480498
   986     0.19214278    0.026494572
   987     0.19209814    0.026515475
   988     0.19218848    0.026538991
   989     0.19226173    0.026565775
   990     0.19245422    0.026582487
   991     0.19253810    0.026609190
   992     0.19265271    0.026635729
   993     0.19283322    0.026664530
   994     0.19284024    0.026706719
   995     0.19293095    0.026720336
   996     0.19301618    0.026738178
   997     0.19307384    0.026762691
   998     0.19304862    0.026781843
   999     0.19312871    0.026814736
  1000     0.19322908    0.026850365
