     1   0.0032669001 2.1996365E-005
     2   0.0056884554 5.2372253E-005
     3   0.0074449295 8.0450389E-005
     4   0.0090915360  0.00011044314
     5    0.010478066  0.00013983328
     6    0.011866503  0.00017010608
     7    0.013040510  0.00019818965
     8    0.014192977  0.00022755200
     9    0.015286072  0.00025479832
    10    0.016261019  0.00028402689
    11    0.017234799  0.00031380673
    12    0.018176414  0.00034133927
    13    0.019011323  0.00036782723
    14    0.019879685  0.00039600806
    15    0.020649590  0.00042483131
    16    0.021385837  0.00045094122
    17    0.022154448  0.00047976743
    18    0.022808078  0.00050409742
    19    0.023554087  0.00053330918
    20    0.024244826  0.00055949768
    21    0.024938639  0.00058743160
    22    0.025576708  0.00061367917
    23    0.026250086  0.00064144492
    24    0.026940730  0.00066918034
    25    0.027626232  0.00070056219
    26    0.028230538  0.00072907849
    27    0.028835294  0.00075676325
    28    0.029373224  0.00078554363
    29    0.030058593  0.00081564618
    30    0.030649191  0.00084665770
    31    0.031123693  0.00087363474
    32    0.031707380  0.00089998010
    33    0.032216330  0.00092662955
    34    0.032742911  0.00095699120
    35    0.033232695  0.00098209988
    36    0.033807156   0.0010135319
    37    0.034310970   0.0010400180
    38    0.034819520   0.0010700414
    39    0.035439668   0.0011042961
    40    0.036040289   0.0011352063
    41    0.036472834   0.0011616163
    42    0.036953623   0.0011900528
    43    0.037518311   0.0012211693
    44    0.037986724   0.0012485795
    45    0.038379069   0.0012746727
    46    0.038898079   0.0013047816
    47    0.039246835   0.0013282199
    48    0.039712378   0.0013584109
    49    0.040124395   0.0013886511
    50    0.040570587   0.0014150860
    51    0.041099767   0.0014460831
    52    0.041580297   0.0014743062
    53    0.041933515   0.0015013295
    54    0.042418108   0.0015293257
    55    0.042833375   0.0015559375
    56    0.043215098   0.0015853346
    57    0.043571023   0.0016098994
    58    0.044023755   0.0016414156
    59    0.044347334   0.0016662426
    60    0.044769514   0.0016939771
    61    0.045150808   0.0017191292
    62    0.045590140   0.0017478074
    63    0.045976532   0.0017762394
    64    0.046428561   0.0018045927
    65    0.046778228   0.0018313420
    66    0.047171158   0.0018528542
    67    0.047498966   0.0018850463
    68    0.047857780   0.0019112312
    69    0.048255958   0.0019402840
    70    0.048596890   0.0019669362
    71    0.048972620   0.0019928706
    72    0.049367868   0.0020208713
    73    0.049667314   0.0020442278
    74    0.050055783   0.0020731652
    75    0.050418968   0.0020985859
    76    0.050858970   0.0021303995
    77    0.051324800   0.0021678715
    78    0.051650309   0.0021949425
    79    0.051884393   0.0022178391
    80    0.052245214   0.0022480380
    81    0.052606516   0.0022747955
    82    0.052932991   0.0022997662
    83    0.053250132   0.0023275370
    84    0.053582397   0.0023538937
    85    0.053987276   0.0023834935
    86    0.054275779   0.0024140068
    87    0.054643627   0.0024441049
    88    0.054984815   0.0024721825
    89    0.055289379   0.0024980310
    90    0.055581153   0.0025263641
    91    0.055909007   0.0025547302
    92    0.056347841   0.0025835377
    93    0.056579336   0.0026090938
    94    0.056896648   0.0026353545
    95    0.057250441   0.0026649250
    96    0.057539431   0.0026884325
    97    0.057793624   0.0027086783
    98    0.058147813   0.0027406515
    99    0.058455848   0.0027663598
   100    0.058828007   0.0027953270
   101    0.059130007   0.0028278865
   102    0.059405545   0.0028563187
   103    0.059703915   0.0028816178
   104    0.060119966   0.0029142821
   105    0.060413520   0.0029420145
   106    0.060688619   0.0029675760
   107    0.061035313   0.0029942859
   108    0.061261924   0.0030228216
   109    0.061519967   0.0030532494
   110    0.061826451   0.0030820615
   111    0.062132186   0.0031105927
   112    0.062437537   0.0031402738
   113    0.062831382   0.0031691681
   114    0.063164626   0.0032030318
   115    0.063524931   0.0032337836
   116    0.063810999   0.0032628940
   117    0.064095893   0.0032900359
   118    0.064387869   0.0033166010
   119    0.064699284   0.0033393411
   120    0.064925288   0.0033660565
   121    0.065229043   0.0033936045
   122    0.065546920   0.0034209953
   123    0.065751554   0.0034471484
   124    0.066065497   0.0034744268
   125    0.066289620   0.0035005583
   126    0.066606279   0.0035263854
   127    0.066851042   0.0035580267
   128    0.067132669   0.0035898776
   129    0.067375488   0.0036174729
   130    0.067683919   0.0036489947
   131    0.068011804   0.0036746569
   132    0.068251575   0.0037043684
   133    0.068559333   0.0037331346
   134    0.068888798   0.0037544661
   135    0.069111873   0.0037884680
   136    0.069358997   0.0038157192
   137    0.069661446   0.0038424492
   138    0.069915246   0.0038700226
   139    0.070176016   0.0039009673
   140    0.070349000   0.0039230811
   141    0.070639161   0.0039501039
   142    0.070883553   0.0039772810
   143    0.071246733   0.0040092552
   144    0.071457712   0.0040329164
   145    0.071679908   0.0040589988
   146    0.071890669   0.0040822675
   147    0.072311396   0.0041098649
   148    0.072499779   0.0041383156
   149    0.072672539   0.0041636301
   150    0.072980968   0.0041893129
   151    0.073170876   0.0042178620
   152    0.073403745   0.0042451578
   153    0.073674950   0.0042703348
   154    0.073954028   0.0042975637
   155    0.074260160   0.0043295378
   156    0.074425007   0.0043553376
   157    0.074710119   0.0043829970
   158    0.074957867   0.0044184527
   159    0.075294742   0.0044495543
   160    0.075574730   0.0044792965
   161    0.075818394   0.0045131942
   162    0.076112010   0.0045345279
   163    0.076409659   0.0045593237
   164    0.076637415   0.0045895603
   165    0.076813503   0.0046164270
   166    0.077062212   0.0046419603
   167    0.077209425   0.0046643459
   168    0.077402103   0.0046916988
   169    0.077645618   0.0047213003
   170    0.077875755   0.0047411754
   171    0.078037307   0.0047676465
   172    0.078292756   0.0047904225
   173    0.078582320   0.0048178097
   174    0.078780088   0.0048480288
   175    0.078989898   0.0048739806
   176    0.079223031   0.0049017491
   177    0.079496366   0.0049353569
   178    0.079673159   0.0049618747
   179    0.079907515   0.0049909344
   180    0.080188686   0.0050199969
   181    0.080395593   0.0050417123
   182    0.080509478   0.0050723797
   183    0.080737392   0.0051013998
   184    0.080922532   0.0051237947
   185    0.081231234   0.0051497164
   186    0.081503344   0.0051796935
   187    0.081826832   0.0052145062
   188    0.082013641   0.0052409941
   189    0.082111316   0.0052670172
   190    0.082335660   0.0052877640
   191    0.082556389   0.0053079697
   192    0.082821075   0.0053306190
   193    0.083025529   0.0053547284
   194    0.083178486   0.0053819426
   195    0.083443457   0.0054101716
   196    0.083709465   0.0054384672
   197    0.083893438   0.0054612353
   198    0.084055413   0.0054911001
   199    0.084307216   0.0055154145
   200    0.084428814   0.0055452093
   201    0.084697460   0.0055728556
   202    0.084932298   0.0055978622
   203    0.085296543   0.0056277953
   204    0.085406466   0.0056597952
   205    0.085595035   0.0056879129
   206    0.085942668   0.0057231187
   207    0.086172385   0.0057530694
   208    0.086431107   0.0057821179
   209    0.086664283   0.0058017462
   210    0.086751332   0.0058303740
   211    0.086954933   0.0058502397
   212    0.087054989   0.0058752125
   213    0.087386289   0.0059119757
   214    0.087655350   0.0059382233
   215    0.087927017   0.0059749352
   216    0.088089213   0.0059996294
   217    0.088294670   0.0060158854
   218    0.088555701   0.0060402863
   219    0.088693478   0.0060602381
   220    0.088883903   0.0060915432
   221    0.089032672   0.0061181257
   222    0.089365525   0.0061521054
   223    0.089537539   0.0061769769
   224    0.089815442   0.0062040619
   225    0.090105753   0.0062228126
   226    0.090229584   0.0062485500
   227    0.090516352   0.0062642830
   228    0.090671291   0.0062958011
   229    0.090911216   0.0063230204
   230    0.091122543   0.0063466172
   231    0.091341790   0.0063744909
   232    0.091556792   0.0063988812
   233    0.091659650   0.0064315150
   234    0.091857366   0.0064603185
   235    0.092055485   0.0064899656
   236    0.092316515   0.0065190335
   237    0.092529119   0.0065396699
   238    0.092714663   0.0065699016
   239    0.092858176   0.0066031772
   240    0.092995021   0.0066266368
   241    0.093257424   0.0066544262
   242    0.093408039   0.0066824652
   243    0.093668208   0.0067035807
   244    0.093898548   0.0067293956
   245    0.094093979   0.0067606758
   246    0.094348347   0.0067864537
   247    0.094369715   0.0068099756
   248    0.094588924   0.0068308514
   249    0.094829997   0.0068502485
   250    0.094957690   0.0068795390
   251    0.095118658   0.0069012885
   252    0.095316850   0.0069244306
   253    0.095515059   0.0069606762
   254    0.095844111   0.0069853272
   255    0.095999653   0.0070113431
   256    0.096131671   0.0070389375
   257    0.096388353   0.0070686272
   258    0.096575456   0.0070937234
   259    0.096863262   0.0071169014
   260    0.097026981   0.0071482753
   261    0.097224468   0.0071783710
   262    0.097354280   0.0072065456
   263    0.097654344   0.0072364371
   264    0.097809313   0.0072633614
   265    0.098020812   0.0072877944
   266    0.098182672   0.0073034241
   267    0.098322273   0.0073315339
   268    0.098471852   0.0073612441
   269    0.098761024   0.0073802368
   270    0.098791535   0.0074045940
   271    0.099104155   0.0074356075
   272    0.099253897   0.0074678738
   273    0.099494335   0.0074979248
   274    0.099642119   0.0075316649
   275    0.099842553   0.0075618139
   276     0.10001029   0.0075958012
   277     0.10010196   0.0076263119
   278     0.10035618   0.0076543879
   279     0.10060887   0.0076808104
   280     0.10080749   0.0077112615
   281     0.10097935   0.0077422664
   282     0.10124057   0.0077619854
   283     0.10141386   0.0077896478
   284     0.10154873   0.0078155205
   285     0.10174488   0.0078438017
   286     0.10196390   0.0078749416
   287     0.10221401   0.0079065399
   288     0.10239363   0.0079319646
   289     0.10244933   0.0079596494
   290     0.10269632   0.0079866317
   291     0.10278544   0.0080075456
   292     0.10307896   0.0080419217
   293     0.10323492   0.0080720322
   294     0.10349343   0.0080981286
   295     0.10358612   0.0081240626
   296     0.10381226   0.0081568187
   297     0.10406108   0.0081728255
   298     0.10419272   0.0081999029
   299     0.10442996   0.0082187465
   300     0.10458032   0.0082508677
   301     0.10480349   0.0082866366
   302     0.10491799   0.0083065691
   303     0.10508255   0.0083286800
   304     0.10513314   0.0083594551
   305     0.10543835   0.0083973434
   306     0.10556857   0.0084262265
   307     0.10582688   0.0084534652
   308     0.10603281   0.0084761556
   309     0.10614506   0.0085124802
   310     0.10632744   0.0085385342
   311     0.10652044   0.0085635581
   312     0.10675170   0.0085936745
   313     0.10692385   0.0086231041
   314     0.10711397   0.0086530953
   315     0.10730744   0.0086836913
   316     0.10743230   0.0087132352
   317     0.10753013   0.0087349706
   318     0.10774725   0.0087634319
   319     0.10797731   0.0087888422
   320     0.10821830   0.0088138816
   321     0.10838284   0.0088433044
   322     0.10861258   0.0088636131
   323     0.10871112   0.0089015785
   324     0.10892957   0.0089308276
   325     0.10911191   0.0089544491
   326     0.10921766   0.0089798487
   327     0.10930580   0.0089999944
   328     0.10947707   0.0090286060
   329     0.10961345   0.0090536233
   330     0.10988527   0.0090865304
   331     0.11017771   0.0091082346
   332     0.11032318   0.0091313266
   333     0.11051295   0.0091608045
   334     0.11065110   0.0091826808
   335     0.11080451   0.0092139351
   336     0.11092679   0.0092384301
   337     0.11108209   0.0092708371
   338     0.11125419   0.0092955871
   339     0.11136131   0.0093220262
   340     0.11143536   0.0093438854
   341     0.11166856   0.0093714952
   342     0.11179904   0.0093980615
   343     0.11199042   0.0094213759
   344     0.11211377   0.0094535364
   345     0.11217815   0.0094842812
   346     0.11238636   0.0095096471
   347     0.11257346   0.0095381541
   348     0.11276289   0.0095607769
   349     0.11294890   0.0095949344
   350     0.11303789   0.0096226636
   351     0.11315658   0.0096478761
   352     0.11328319   0.0096749374
   353     0.11345490   0.0096949258
   354     0.11356544   0.0097250049
   355     0.11376400   0.0097454064
   356     0.11391373   0.0097747049
   357     0.11414982   0.0097962825
   358     0.11427524   0.0098409083
   359     0.11451899   0.0098625325
   360     0.11462379   0.0098903061
   361     0.11475327   0.0099255788
   362     0.11497106   0.0099487820
   363     0.11511853   0.0099818203
   364     0.11527695    0.010005242
   365     0.11542553    0.010035634
   366     0.11554728    0.010065453
   367     0.11578750    0.010084747
   368     0.11597810    0.010114855
   369     0.11615302    0.010143740
   370     0.11629954    0.010168560
   371     0.11640100    0.010198165
   372     0.11655914    0.010228801
   373     0.11664772    0.010255513
   374     0.11691362    0.010276068
   375     0.11705508    0.010300062
   376     0.11710781    0.010325060
   377     0.11726054    0.010350490
   378     0.11740065    0.010367360
   379     0.11760310    0.010393991
   380     0.11780988    0.010415771
   381     0.11785464    0.010455264
   382     0.11808477    0.010474866
   383     0.11816317    0.010501082
   384     0.11837320    0.010528722
   385     0.11859398    0.010551314
   386     0.11869475    0.010583031
   387     0.11882057    0.010610721
   388     0.11898739    0.010637568
   389     0.11925789    0.010657118
   390     0.11945232    0.010691944
   391     0.11953338    0.010717370
   392     0.11970376    0.010747694
   393     0.11983091    0.010779439
   394     0.11998798    0.010801561
   395     0.12005166    0.010832136
   396     0.12025017    0.010851709
   397     0.12041824    0.010886236
   398     0.12060365    0.010921245
   399     0.12068257    0.010953151
   400     0.12083381    0.010985786
   401     0.12097360    0.011009372
   402     0.12107212    0.011037512
   403     0.12135566    0.011059317
   404     0.12149848    0.011084353
   405     0.12163884    0.011115247
   406     0.12189893    0.011136570
   407     0.12203226    0.011160825
   408     0.12221857    0.011185903
   409     0.12241975    0.011213754
   410     0.12256878    0.011242862
   411     0.12266130    0.011275643
   412     0.12280841    0.011307437
   413     0.12300100    0.011329581
   414     0.12315702    0.011357986
   415     0.12333848    0.011387876
   416     0.12343342    0.011423464
   417     0.12371417    0.011451145
   418     0.12381121    0.011474815
   419     0.12392194    0.011500639
   420     0.12407491    0.011519937
   421     0.12417975    0.011552947
   422     0.12428913    0.011580866
   423     0.12445393    0.011603360
   424     0.12467145    0.011627005
   425     0.12488393    0.011653050
   426     0.12490788    0.011678280
   427     0.12513389    0.011713536
   428     0.12530674    0.011748335
   429     0.12548059    0.011770948
   430     0.12558412    0.011799259
   431     0.12566820    0.011819684
   432     0.12577490    0.011836308
   433     0.12587523    0.011861654
   434     0.12598853    0.011883622
   435     0.12611575    0.011912499
   436     0.12631310    0.011939732
   437     0.12653378    0.011960662
   438     0.12655844    0.011990217
   439     0.12688555    0.012011082
   440     0.12701438    0.012038723
   441     0.12713667    0.012070233
   442     0.12730704    0.012093222
   443     0.12751013    0.012118757
   444     0.12768946    0.012137605
   445     0.12771489    0.012161416
   446     0.12782755    0.012194142
   447     0.12811404    0.012217995
   448     0.12834984    0.012244496
   449     0.12849329    0.012272489
   450     0.12862439    0.012299679
   451     0.12880605    0.012332867
   452     0.12897562    0.012370776
   453     0.12902895    0.012399183
   454     0.12910093    0.012423082
   455     0.12930055    0.012443767
   456     0.12940969    0.012470909
   457     0.12957028    0.012495168
   458     0.12968906    0.012525940
   459     0.12984898    0.012550581
   460     0.13000232    0.012576519
   461     0.13015147    0.012610943
   462     0.13025785    0.012642525
   463     0.13049683    0.012666061
   464     0.13058226    0.012694083
   465     0.13078221    0.012728466
   466     0.13088434    0.012761034
   467     0.13106771    0.012787449
   468     0.13126015    0.012808985
   469     0.13136028    0.012836171
   470     0.13151303    0.012860254
   471     0.13174157    0.012886397
   472     0.13181719    0.012914100
   473     0.13196105    0.012952659
   474     0.13216670    0.012986558
   475     0.13243210    0.013016350
   476     0.13257221    0.013043345
   477     0.13267801    0.013072440
   478     0.13284997    0.013103699
   479     0.13304384    0.013133634
   480     0.13308157    0.013162583
   481     0.13318980    0.013185561
   482     0.13327275    0.013218488
   483     0.13347092    0.013249527
   484     0.13357570    0.013285165
   485     0.13372597    0.013308768
   486     0.13383979    0.013342360
   487     0.13404752    0.013369136
   488     0.13412119    0.013395033
   489     0.13434423    0.013420603
   490     0.13435890    0.013447459
   491     0.13449938    0.013479299
   492     0.13459026    0.013508833
   493     0.13477410    0.013539772
   494     0.13495847    0.013566767
   495     0.13508378    0.013594315
   496     0.13518784    0.013620313
   497     0.13544588    0.013647671
   498     0.13552433    0.013673405
   499     0.13568311    0.013700205
   500     0.13580615    0.013735917
   501     0.13596794    0.013764064
   502     0.13621285    0.013789978
   503     0.13626367    0.013823732
   504     0.13650820    0.013849373
   505     0.13667355    0.013879611
   506     0.13687895    0.013918065
   507     0.13704941    0.013938633
   508     0.13714885    0.013967449
   509     0.13730793    0.013995123
   510     0.13747307    0.014022457
   511     0.13763529    0.014058586
   512     0.13776751    0.014086379
   513     0.13788427    0.014114181
   514     0.13808822    0.014142377
   515     0.13817909    0.014169873
   516     0.13836428    0.014196386
   517     0.13852865    0.014230986
   518     0.13870234    0.014247857
   519     0.13880664    0.014285896
   520     0.13903409    0.014303902
   521     0.13910514    0.014334754
   522     0.13925205    0.014363702
   523     0.13943169    0.014396510
   524     0.13959849    0.014415786
   525     0.13976114    0.014437112
   526     0.13994220    0.014469116
   527     0.14003448    0.014492524
   528     0.14006491    0.014525879
   529     0.14016276    0.014568034
   530     0.14033252    0.014603297
   531     0.14052273    0.014625215
   532     0.14063642    0.014658851
   533     0.14081258    0.014695788
   534     0.14103791    0.014729234
   535     0.14111976    0.014761876
   536     0.14128543    0.014783383
   537     0.14146974    0.014808958
   538     0.14147133    0.014844775
   539     0.14168694    0.014873231
   540     0.14181472    0.014908440
   541     0.14200783    0.014937713
   542     0.14205938    0.014962535
   543     0.14220934    0.014983811
   544     0.14239432    0.015016556
   545     0.14252095    0.015035710
   546     0.14267306    0.015048139
   547     0.14274740    0.015081474
   548     0.14289803    0.015110316
   549     0.14297856    0.015137739
   550     0.14321897    0.015161645
   551     0.14325038    0.015202015
   552     0.14321717    0.015227316
   553     0.14336099    0.015256201
   554     0.14349740    0.015279015
   555     0.14367671    0.015300965
   556     0.14379022    0.015315935
   557     0.14383969    0.015346859
   558     0.14402548    0.015377154
   559     0.14412900    0.015406286
   560     0.14420195    0.015434782
   561     0.14442437    0.015460112
   562     0.14455187    0.015488918
   563     0.14474916    0.015510060
   564     0.14494290    0.015537379
   565     0.14503686    0.015567430
   566     0.14516030    0.015602078
   567     0.14522399    0.015631386
   568     0.14529436    0.015648896
   569     0.14533287    0.015674027
   570     0.14552898    0.015690654
   571     0.14564909    0.015713920
   572     0.14572264    0.015751807
   573     0.14575711    0.015777747
   574     0.14595580    0.015803434
   575     0.14596913    0.015839360
   576     0.14612961    0.015853323
   577     0.14628738    0.015884944
   578     0.14653232    0.015922441
   579     0.14661959    0.015950485
   580     0.14676090    0.015989804
   581     0.14696025    0.016022864
   582     0.14710808    0.016041134
   583     0.14717652    0.016078312
   584     0.14732384    0.016098369
   585     0.14741569    0.016126138
   586     0.14756362    0.016156413
   587     0.14769703    0.016185485
   588     0.14784796    0.016206994
   589     0.14795678    0.016234197
   590     0.14805919    0.016264015
   591     0.14829918    0.016291932
   592     0.14838376    0.016313485
   593     0.14843597    0.016349905
   594     0.14869246    0.016371249
   595     0.14869428    0.016388462
   596     0.14884737    0.016423873
   597     0.14898284    0.016462673
   598     0.14912093    0.016491713
   599     0.14917235    0.016520211
   600     0.14932904    0.016542759
   601     0.14948659    0.016573220
   602     0.14972390    0.016596750
   603     0.14979217    0.016622234
   604     0.14988541    0.016650374
   605     0.15006473    0.016668926
   606     0.15015597    0.016691003
   607     0.15022771    0.016709433
   608     0.15032927    0.016746983
   609     0.15047253    0.016773743
   610     0.15068607    0.016799589
   611     0.15075868    0.016826191
   612     0.15086292    0.016859251
   613     0.15104580    0.016895541
   614     0.15115764    0.016917063
   615     0.15120355    0.016942807
   616     0.15134162    0.016966379
   617     0.15148549    0.016993250
   618     0.15154162    0.017017616
   619     0.15161580    0.017046839
   620     0.15175048    0.017082796
   621     0.15194627    0.017105088
   622     0.15205747    0.017125395
   623     0.15213979    0.017161822
   624     0.15233194    0.017192197
   625     0.15235199    0.017227451
   626     0.15247681    0.017253230
   627     0.15259824    0.017273730
   628     0.15269848    0.017299292
   629     0.15279637    0.017330908
   630     0.15296446    0.017360733
   631     0.15316558    0.017384066
   632     0.15327882    0.017417277
   633     0.15342538    0.017441651
   634     0.15354898    0.017467810
   635     0.15356871    0.017495636
   636     0.15364858    0.017529749
   637     0.15388880    0.017547054
   638     0.15400205    0.017573958
   639     0.15412267    0.017607343
   640     0.15420310    0.017639466
   641     0.15427679    0.017666288
   642     0.15439896    0.017696131
   643     0.15449759    0.017723572
   644     0.15464608    0.017757479
   645     0.15471478    0.017783070
   646     0.15486681    0.017807191
   647     0.15503236    0.017828793
   648     0.15512764    0.017861714
   649     0.15529354    0.017888878
   650     0.15535556    0.017915752
   651     0.15549724    0.017936783
   652     0.15555892    0.017964354
   653     0.15571063    0.017998787
   654     0.15583568    0.018014766
   655     0.15603109    0.018034859
   656     0.15614740    0.018071359
   657     0.15637271    0.018095941
   658     0.15650408    0.018114509
   659     0.15643219    0.018148407
   660     0.15670695    0.018177884
   661     0.15663779    0.018203525
   662     0.15678903    0.018234858
   663     0.15694951    0.018267594
   664     0.15707789    0.018286216
   665     0.15725388    0.018310953
   666     0.15740467    0.018339411
   667     0.15742380    0.018356699
   668     0.15760218    0.018379119
   669     0.15773651    0.018410527
   670     0.15787516    0.018436556
   671     0.15789869    0.018470654
   672     0.15804212    0.018486510
   673     0.15816364    0.018515904
   674     0.15830176    0.018553582
   675     0.15845881    0.018581000
   676     0.15850116    0.018605371
   677     0.15865475    0.018628831
   678     0.15892187    0.018657013
   679     0.15905378    0.018682148
   680     0.15914660    0.018707142
   681     0.15927463    0.018732994
   682     0.15933774    0.018762821
   683     0.15942215    0.018791503
   684     0.15945824    0.018819361
   685     0.15963177    0.018844155
   686     0.15957933    0.018879924
   687     0.15977869    0.018904747
   688     0.15982624    0.018938366
   689     0.15988274    0.018970021
   690     0.16014095    0.018989910
   691     0.16030920    0.019012539
   692     0.16041936    0.019034813
   693     0.16050459    0.019065555
   694     0.16061791    0.019085086
   695     0.16071076    0.019115928
   696     0.16083003    0.019143517
   697     0.16095490    0.019160002
   698     0.16108471    0.019204574
   699     0.16119777    0.019236882
   700     0.16130507    0.019260065
   701     0.16141902    0.019284561
   702     0.16148078    0.019311811
   703     0.16157106    0.019342264
   704     0.16182639    0.019365324
   705     0.16192495    0.019390045
   706     0.16202803    0.019425848
   707     0.16232474    0.019447840
   708     0.16240689    0.019470250
   709     0.16251345    0.019485509
   710     0.16266031    0.019515831
   711     0.16285785    0.019533408
   712     0.16296630    0.019564346
   713     0.16311319    0.019585797
   714     0.16314077    0.019605811
   715     0.16330171    0.019628086
   716     0.16336075    0.019668306
   717     0.16351438    0.019697394
   718     0.16364117    0.019727709
   719     0.16372049    0.019751610
   720     0.16374617    0.019780861
   721     0.16399897    0.019803484
   722     0.16421724    0.019834124
   723     0.16425488    0.019860444
   724     0.16438087    0.019883156
   725     0.16444542    0.019907192
   726     0.16452638    0.019937379
   727     0.16456419    0.019969910
   728     0.16472511    0.019991222
   729     0.16470172    0.020009823
   730     0.16498875    0.020043838
   731     0.16508552    0.020073104
   732     0.16522838    0.020095557
   733     0.16536912    0.020117765
   734     0.16550297    0.020150316
   735     0.16561395    0.020177428
   736     0.16570978    0.020202366
   737     0.16574097    0.020228357
   738     0.16584646    0.020253636
   739     0.16595372    0.020273084
   740     0.16602111    0.020290365
   741     0.16604939    0.020325752
   742     0.16614349    0.020360413
   743     0.16629297    0.020387292
   744     0.16646922    0.020418687
   745     0.16655541    0.020451133
   746     0.16672326    0.020470417
   747     0.16681988    0.020499322
   748     0.16697292    0.020523014
   749     0.16711900    0.020547136
   750     0.16722087    0.020575482
   751     0.16734487    0.020599295
   752     0.16747112    0.020626876
   753     0.16757554    0.020653136
   754     0.16775926    0.020685046
   755     0.16778567    0.020717650
   756     0.16787335    0.020737311
   757     0.16805011    0.020760597
   758     0.16812796    0.020788061
   759     0.16828504    0.020817078
   760     0.16844297    0.020839697
   761     0.16848819    0.020863599
   762     0.16858278    0.020886284
   763     0.16876561    0.020896476
   764     0.16886614    0.020922468
   765     0.16898338    0.020953842
   766     0.16910874    0.020979526
   767     0.16919265    0.021003816
   768     0.16928548    0.021031241
   769     0.16933583    0.021062113
   770     0.16946346    0.021080033
   771     0.16957697    0.021106273
   772     0.16967250    0.021125467
   773     0.16977235    0.021144817
   774     0.16985618    0.021177131
   775     0.16993980    0.021197464
   776     0.17008937    0.021220363
   777     0.17019574    0.021241713
   778     0.17029499    0.021251352
   779     0.17041381    0.021274935
   780     0.17050349    0.021298026
   781     0.17057910    0.021325829
   782     0.17058576    0.021355034
   783     0.17078421    0.021387995
   784     0.17091827    0.021409208
   785     0.17098927    0.021434913
   786     0.17115335    0.021456224
   787     0.17121776    0.021484785
   788     0.17143361    0.021513367
   789     0.17157750    0.021543570
   790     0.17167258    0.021566899
   791     0.17181545    0.021597365
   792     0.17185181    0.021623598
   793     0.17199384    0.021650073
   794     0.17200126    0.021680024
   795     0.17212732    0.021700865
   796     0.17232071    0.021726039
   797     0.17239327    0.021755473
   798     0.17243028    0.021782864
   799     0.17256142    0.021812407
   800     0.17272595    0.021835670
   801     0.17289882    0.021865552
   802     0.17296073    0.021903458
   803     0.17317315    0.021931278
   804     0.17317501    0.021950100
   805     0.17335942    0.021977841
   806     0.17344165    0.022001539
   807     0.17355953    0.022032587
   808     0.17372288    0.022056844
   809     0.17376252    0.022082052
   810     0.17378323    0.022107371
   811     0.17394241    0.022123752
   812     0.17409892    0.022154068
   813     0.17423726    0.022175873
   814     0.17425534    0.022201791
   815     0.17442518    0.022230824
   816     0.17447174    0.022258620
   817     0.17457171    0.022288984
   818     0.17466795    0.022316222
   819     0.17481226    0.022344475
   820     0.17499847    0.022360435
   821     0.17502367    0.022391576
   822     0.17516947    0.022411378
   823     0.17515942    0.022446574
   824     0.17532307    0.022456882
   825     0.17541830    0.022478361
   826     0.17555462    0.022505315
   827     0.17563911    0.022532108
   828     0.17570537    0.022551937
   829     0.17579075    0.022575370
   830     0.17589333    0.022601972
   831     0.17591943    0.022635375
   832     0.17599005    0.022652791
   833     0.17610856    0.022673043
   834     0.17620478    0.022699417
   835     0.17632180    0.022727059
   836     0.17638412    0.022751791
   837     0.17657225    0.022789480
   838     0.17662513    0.022814096
   839     0.17674161    0.022839479
   840     0.17688475    0.022865911
   841     0.17696952    0.022888327
   842     0.17707502    0.022925332
   843     0.17715670    0.022949931
   844     0.17737355    0.022976650
   845     0.17738024    0.023007412
   846     0.17753785    0.023028633
   847     0.17768675    0.023048916
   848     0.17770901    0.023084547
   849     0.17795070    0.023114542
   850     0.17803302    0.023144132
   851     0.17819299    0.023164923
   852     0.17823653    0.023200400
   853     0.17832915    0.023222547
   854     0.17852117    0.023232190
   855     0.17857292    0.023250585
   856     0.17867447    0.023278401
   857     0.17877341    0.023308851
   858     0.17885136    0.023343418
   859     0.17893663    0.023365618
   860     0.17896885    0.023395926
   861     0.17909466    0.023430774
   862     0.17920473    0.023454909
   863     0.17940233    0.023477756
   864     0.17946888    0.023505358
   865     0.17958037    0.023528210
   866     0.17965769    0.023540523
   867     0.17976579    0.023563559
   868     0.17986379    0.023587816
   869     0.18001731    0.023611765
   870     0.18018315    0.023641936
   871     0.18039562    0.023655515
   872     0.18053970    0.023685264
   873     0.18049470    0.023722733
   874     0.18057250    0.023741297
   875     0.18070940    0.023758619
   876     0.18079099    0.023790126
   877     0.18091080    0.023816290
   878     0.18108628    0.023841271
   879     0.18122729    0.023850229
   880     0.18124302    0.023881259
   881     0.18135963    0.023907239
   882     0.18148442    0.023941230
   883     0.18158085    0.023979152
   884     0.18170928    0.024005402
   885     0.18188956    0.024023927
   886     0.18198475    0.024048123
   887     0.18210910    0.024072334
   888     0.18211942    0.024097597
   889     0.18218525    0.024117227
   890     0.18225260    0.024142776
   891     0.18239881    0.024162901
   892     0.18243513    0.024203783
   893     0.18262037    0.024226264
   894     0.18278791    0.024245075
   895     0.18284004    0.024280783
   896     0.18298885    0.024303282
   897     0.18307220    0.024329022
   898     0.18318943    0.024350370
   899     0.18318826    0.024377147
   900     0.18325140    0.024407971
   901     0.18346075    0.024429792
   902     0.18347818    0.024463872
   903     0.18358457    0.024487760
   904     0.18364806    0.024511516
   905     0.18378559    0.024541178
   906     0.18394884    0.024565356
   907     0.18399320    0.024584411
   908     0.18405707    0.024600813
   909     0.18411584    0.024627869
   910     0.18420516    0.024656109
   911     0.18435023    0.024676685
   912     0.18451965    0.024698334
   913     0.18464438    0.024712629
   914     0.18472708    0.024739461
   915     0.18484986    0.024764469
   916     0.18490438    0.024791143
   917     0.18496524    0.024827242
   918     0.18508603    0.024864364
   919     0.18517958    0.024886974
   920     0.18531279    0.024919346
   921     0.18542848    0.024939772
   922     0.18557470    0.024976537
   923     0.18562718    0.024999476
   924     0.18570588    0.025013269
   925     0.18570582    0.025034518
   926     0.18589533    0.025054693
   927     0.18596319    0.025088554
   928     0.18607696    0.025110349
   929     0.18613743    0.025142888
   930     0.18622610    0.025156051
   931     0.18626695    0.025175703
   932     0.18653465    0.025207251
   933     0.18649783    0.025237974
   934     0.18660970    0.025250097
   935     0.18666346    0.025282113
   936     0.18682879    0.025310901
   937     0.18692128    0.025328075
   938     0.18713213    0.025350525
   939     0.18733871    0.025375169
   940     0.18743031    0.025413461
   941     0.18748164    0.025443661
   942     0.18764169    0.025463994
   943     0.18768025    0.025497786
   944     0.18770359    0.025517799
   945     0.18780883    0.025530901
   946     0.18782740    0.025564718
   947     0.18801488    0.025594153
   948     0.18820355    0.025621629
   949     0.18839645    0.025648973
   950     0.18845540    0.025678715
   951     0.18852939    0.025700414
   952     0.18858121    0.025717700
   953     0.18867450    0.025729384
   954     0.18880836    0.025761154
   955     0.18889875    0.025790131
   956     0.18898303    0.025807399
   957     0.18916450    0.025822488
   958     0.18933394    0.025863291
   959     0.18937408    0.025891565
   960     0.18942480    0.025914008
   961     0.18962219    0.025932121
   962     0.18968277    0.025954545
   963     0.18978127    0.025973653
   964     0.18988707    0.026000446
   965     0.19005271    0.026025071
   966     0.19011068    0.026064211
   967     0.19011999    0.026108842
   968     0.19017607    0.026139754
   969     0.19021034    0.026156137
   970     0.19039176    0.026183101
   971     0.19039520    0.026217962
   972     0.19054880    0.026239165
   973     0.19055408    0.026262196
   974     0.19053109    0.026299311
   975     0.19065241    0.026323423
   976     0.19075419    0.026337723
   977     0.19083969    0.026357789
   978     0.19095409    0.026364155
   979     0.19096713    0.026388344
   980     0.19110927    0.026410293
   981     0.19113714    0.026437978
   982     0.19121900    0.026452984
   983     0.19138069    0.026490471
   984     0.19140837    0.026522888
   985     0.19153214    0.026550788
   986     0.19164003    0.026579738
   987     0.19170263    0.026606922
   988     0.19178616    0.026621421
   989     0.19186863    0.026649388
   990     0.19202433    0.026673390
   991     0.19206646    0.026691599
   992     0.19223808    0.026721526
   993     0.19234391    0.026731637
   994     0.19237333    0.026751772
   995     0.19248993    0.026785984
   996     0.19257676    0.026817071
   997     0.19260511    0.026843090
   998     0.19273487    0.026868327
   999     0.19298681    0.026882103
  1000     0.19302730    0.026906542
