     1   0.0026796985 2.6676004E-005
     2   0.0047700147 5.4640677E-005
     3   0.0065061548 8.1695453E-005
     4   0.0079942202  0.00011022627
     5   0.0093777126  0.00013814776
     6    0.010577947  0.00016351187
     7    0.011736416  0.00019112455
     8    0.012807881  0.00021794877
     9    0.013857833  0.00024509856
    10    0.014791251  0.00027350867
    11    0.015748334  0.00030204755
    12    0.016634853  0.00032961154
    13    0.017514571  0.00035692392
    14    0.018375415  0.00038492710
    15    0.019195229  0.00041288153
    16    0.019960386  0.00044189832
    17    0.020681443  0.00046739130
    18    0.021422097  0.00049530803
    19    0.022093338  0.00052042119
    20    0.022771994  0.00054956883
    21    0.023430114  0.00057514325
    22    0.024180597  0.00060340921
    23    0.024839088  0.00063238402
    24    0.025436777  0.00065755163
    25    0.025989586  0.00068402118
    26    0.026559780  0.00070637893
    27    0.027178845  0.00073207402
    28    0.027754478  0.00076177791
    29    0.028419502  0.00079051884
    30    0.028985673  0.00082017703
    31    0.029576153  0.00084806424
    32    0.030083319  0.00087514576
    33    0.030627181  0.00090386658
    34    0.031149184  0.00093145898
    35    0.031648351  0.00095958137
    36    0.032179889  0.00098604306
    37    0.032690504   0.0010134118
    38    0.033245470   0.0010412688
    39    0.033731340   0.0010717251
    40    0.034237521   0.0010936388
    41    0.034676564   0.0011184927
    42    0.035106675   0.0011477521
    43    0.035543642   0.0011732312
    44    0.035960048   0.0011988132
    45    0.036462196   0.0012294663
    46    0.036961081   0.0012548812
    47    0.037413465   0.0012840135
    48    0.037841292   0.0013136624
    49    0.038330560   0.0013403744
    50    0.038768577   0.0013668154
    51    0.039295869   0.0013971985
    52    0.039694852   0.0014278081
    53    0.040118637   0.0014589606
    54    0.040574357   0.0014871399
    55    0.040985192   0.0015102370
    56    0.041368317   0.0015348734
    57    0.041799083   0.0015650412
    58    0.042145577   0.0015891075
    59    0.042561295   0.0016149001
    60    0.042985906   0.0016381074
    61    0.043408263   0.0016651252
    62    0.043755338   0.0016924464
    63    0.044084310   0.0017161148
    64    0.044595775   0.0017417822
    65    0.045010233   0.0017691949
    66    0.045316285   0.0017992965
    67    0.045744273   0.0018303465
    68    0.046196294   0.0018585428
    69    0.046507500   0.0018885938
    70    0.046830458   0.0019138794
    71    0.047206606   0.0019440775
    72    0.047547180   0.0019761114
    73    0.047933766   0.0020020224
    74    0.048302276   0.0020238146
    75    0.048670273   0.0020506800
    76    0.049070579   0.0020753144
    77    0.049360967   0.0021022390
    78    0.049678644   0.0021299339
    79    0.050047595   0.0021537771
    80    0.050429392   0.0021817193
    81    0.050792075   0.0022063653
    82    0.051084623   0.0022384058
    83    0.051429605   0.0022631584
    84    0.051737358   0.0022901312
    85    0.052049322   0.0023160506
    86    0.052434899   0.0023492036
    87    0.052748170   0.0023751859
    88    0.053116655   0.0024063812
    89    0.053418154   0.0024298806
    90    0.053773299   0.0024610029
    91    0.054149386   0.0024904448
    92    0.054421002   0.0025151132
    93    0.054687815   0.0025406116
    94    0.055058229   0.0025675886
    95    0.055414421   0.0025957458
    96    0.055771375   0.0026277557
    97    0.056057263   0.0026548092
    98    0.056342847   0.0026802368
    99    0.056636305   0.0027065829
   100    0.056987625   0.0027347030
   101    0.057320018   0.0027631085
   102    0.057706142   0.0027913485
   103    0.058087902   0.0028220530
   104    0.058313033   0.0028487028
   105    0.058560049   0.0028781331
   106    0.058914480   0.0029071116
   107    0.059214315   0.0029311716
   108    0.059494287   0.0029568792
   109    0.059815736   0.0029886687
   110    0.060156402   0.0030181823
   111    0.060416490   0.0030476475
   112    0.060689493   0.0030742302
   113    0.061025077   0.0031019221
   114    0.061278486   0.0031295812
   115    0.061619845   0.0031537436
   116    0.061871033   0.0031851749
   117    0.062142088   0.0032100148
   118    0.062505143   0.0032410574
   119    0.062716773   0.0032651202
   120    0.062990768   0.0032906246
   121    0.063300364   0.0033176789
   122    0.063657178   0.0033463267
   123    0.063868496   0.0033734477
   124    0.064114292   0.0033969534
   125    0.064462471   0.0034242243
   126    0.064765229   0.0034518327
   127    0.065010279   0.0034834992
   128    0.065217219   0.0035146402
   129    0.065530736   0.0035401213
   130    0.065787928   0.0035665350
   131    0.066099696   0.0035917537
   132    0.066332963   0.0036187389
   133    0.066542411   0.0036497984
   134    0.066878153   0.0036777525
   135    0.067176113   0.0037035606
   136    0.067412465   0.0037352274
   137    0.067667393   0.0037616323
   138    0.067984560   0.0037918899
   139    0.068196337   0.0038160545
   140    0.068500610   0.0038407270
   141    0.068745203   0.0038691622
   142    0.068981206   0.0038954174
   143    0.069301397   0.0039235662
   144    0.069527968   0.0039542862
   145    0.069805025   0.0039872563
   146    0.070074520   0.0040126494
   147    0.070376648   0.0040425794
   148    0.070651508   0.0040725362
   149    0.070898288   0.0040996348
   150    0.071126580   0.0041265490
   151    0.071416039   0.0041558321
   152    0.071599902   0.0041798127
   153    0.071868905   0.0042062205
   154    0.072160325   0.0042337236
   155    0.072474729   0.0042629036
   156    0.072695754   0.0042860785
   157    0.072964572   0.0043046879
   158    0.073257613   0.0043327319
   159    0.073488885   0.0043620677
   160    0.073780985   0.0043861993
   161    0.074021422   0.0044161429
   162    0.074217341   0.0044415379
   163    0.074446884   0.0044687381
   164    0.074716886   0.0044962549
   165    0.075003021   0.0045284751
   166    0.075156239   0.0045505703
   167    0.075380355   0.0045695174
   168    0.075583391   0.0046036320
   169    0.075836484   0.0046289962
   170    0.075985784   0.0046540102
   171    0.076241482   0.0046742846
   172    0.076498611   0.0046978860
   173    0.076798760   0.0047319629
   174    0.076999222   0.0047616245
   175    0.077233571   0.0047941554
   176    0.077498601   0.0048141101
   177    0.077812181   0.0048396447
   178    0.077994377   0.0048637595
   179    0.078228044   0.0048930584
   180    0.078464061   0.0049167069
   181    0.078666997   0.0049447278
   182    0.078954122   0.0049708381
   183    0.079111714   0.0050017678
   184    0.079356799   0.0050283621
   185    0.079577157   0.0050595085
   186    0.079770885   0.0050853904
   187    0.080032404   0.0051171667
   188    0.080242482   0.0051440628
   189    0.080436017   0.0051655343
   190    0.080703737   0.0051932297
   191    0.080881228   0.0052205772
   192    0.081026796   0.0052478409
   193    0.081262024   0.0052750833
   194    0.081562058   0.0052993176
   195    0.081781149   0.0053262732
   196    0.082001689   0.0053575463
   197    0.082278017   0.0053830274
   198    0.082452296   0.0054095485
   199    0.082646966   0.0054352681
   200    0.082880768   0.0054638510
   201    0.083038954   0.0054975467
   202    0.083271598   0.0055279900
   203    0.083430608   0.0055573826
   204    0.083730844   0.0055804063
   205    0.083904592   0.0056089750
   206    0.084133383   0.0056365865
   207    0.084404335   0.0056649383
   208    0.084563511   0.0056958669
   209    0.084829344   0.0057215831
   210    0.085011549   0.0057401390
   211    0.085240873   0.0057635640
   212    0.085451012   0.0057893007
   213    0.085718915   0.0058216402
   214    0.085980424   0.0058477307
   215    0.086208397   0.0058736382
   216    0.086321616   0.0058989316
   217    0.086539054   0.0059286483
   218    0.086820108   0.0059615507
   219    0.086975026   0.0059849008
   220    0.087174621   0.0060134122
   221    0.087440931   0.0060418759
   222    0.087607236   0.0060649999
   223    0.087792200   0.0060933306
   224    0.088008182   0.0061182474
   225    0.088205237   0.0061468444
   226    0.088392992   0.0061737862
   227    0.088560776   0.0062042960
   228    0.088759138   0.0062362461
   229    0.088946792   0.0062615197
   230    0.089217082   0.0062917346
   231    0.089482165   0.0063237801
   232    0.089670083   0.0063479679
   233    0.089842821   0.0063678373
   234    0.090110330   0.0063927528
   235    0.090280953   0.0064215314
   236    0.090457992   0.0064463959
   237    0.090677674   0.0064747189
   238    0.090846551   0.0065043529
   239    0.091072729   0.0065241966
   240    0.091150973   0.0065514281
   241    0.091386255   0.0065758950
   242    0.091543363   0.0065981666
   243    0.091737614   0.0066288106
   244    0.092024082   0.0066607262
   245    0.092245056   0.0066860059
   246    0.092503142   0.0067119320
   247    0.092645520   0.0067380025
   248    0.092847185   0.0067719562
   249    0.093106117   0.0067975364
   250    0.093329352   0.0068242756
   251    0.093421726   0.0068537426
   252    0.093676451   0.0068763476
   253    0.093889604   0.0069099729
   254    0.094045723   0.0069369760
   255    0.094325827   0.0069635107
   256    0.094546640   0.0069893829
   257    0.094753517   0.0070212714
   258    0.094909297   0.0070483783
   259    0.095102526   0.0070780334
   260    0.095297103   0.0071106195
   261    0.095574889   0.0071359170
   262    0.095696249   0.0071663997
   263    0.095924513   0.0071961850
   264    0.096115411   0.0072255752
   265    0.096386362   0.0072531405
   266    0.096520636   0.0072881768
   267    0.096684443   0.0073204667
   268    0.096949883   0.0073474146
   269    0.097142261   0.0073762286
   270    0.097303228   0.0074015974
   271    0.097462489   0.0074278665
   272    0.097668425   0.0074533230
   273    0.097792242   0.0074728173
   274    0.097946943   0.0074997339
   275    0.098082077   0.0075260339
   276    0.098306976   0.0075479234
   277    0.098540601   0.0075770241
   278    0.098727781   0.0076090562
   279    0.098952644   0.0076316279
   280    0.099098957   0.0076591388
   281    0.099293295   0.0076860418
   282    0.099507265   0.0077123500
   283    0.099730546   0.0077406100
   284    0.099912933   0.0077710494
   285     0.10003251   0.0078024606
   286     0.10024826   0.0078348415
   287     0.10038833   0.0078663865
   288     0.10060243   0.0078979453
   289     0.10078649   0.0079213282
   290     0.10093499   0.0079551697
   291     0.10113133   0.0079801798
   292     0.10128119   0.0080056699
   293     0.10140106   0.0080347110
   294     0.10160528   0.0080610167
   295     0.10183751   0.0080900876
   296     0.10201090   0.0081216362
   297     0.10220901   0.0081504029
   298     0.10243549   0.0081759424
   299     0.10266906   0.0081995374
   300     0.10281859   0.0082294658
   301     0.10305665   0.0082552819
   302     0.10326108   0.0082769115
   303     0.10343597   0.0083012024
   304     0.10361031   0.0083309626
   305     0.10385334   0.0083649278
   306     0.10395336   0.0083904372
   307     0.10414193   0.0084166306
   308     0.10433225   0.0084477454
   309     0.10459878   0.0084735592
   310     0.10469845   0.0085025999
   311     0.10493268   0.0085324285
   312     0.10514574   0.0085617558
   313     0.10534612   0.0085914846
   314     0.10555013   0.0086207099
   315     0.10562666   0.0086488864
   316     0.10574805   0.0086692895
   317     0.10590928   0.0086947098
   318     0.10600570   0.0087238132
   319     0.10615036   0.0087532736
   320     0.10629126   0.0087855373
   321     0.10649336   0.0088083712
   322     0.10668804   0.0088372159
   323     0.10693065   0.0088685354
   324     0.10721676   0.0088915154
   325     0.10725468   0.0089196511
   326     0.10739213   0.0089488423
   327     0.10753367   0.0089693775
   328     0.10771234   0.0089996328
   329     0.10785704   0.0090202632
   330     0.10800130   0.0090479724
   331     0.10816213   0.0090697304
   332     0.10828600   0.0090992235
   333     0.10845668   0.0091263690
   334     0.10864833   0.0091418878
   335     0.10892374   0.0091761933
   336     0.10914113   0.0092062836
   337     0.10928195   0.0092410736
   338     0.10944765   0.0092626363
   339     0.10967325   0.0092887503
   340     0.10988497   0.0093199356
   341     0.11006607   0.0093497511
   342     0.11018881   0.0093756813
   343     0.11037716   0.0094032952
   344     0.11049908   0.0094255952
   345     0.11062147   0.0094637082
   346     0.11080092   0.0095015152
   347     0.11099025   0.0095254927
   348     0.11131732   0.0095609912
   349     0.11141687   0.0095936902
   350     0.11144562   0.0096215986
   351     0.11162939   0.0096491523
   352     0.11182025   0.0096764795
   353     0.11206321   0.0097036922
   354     0.11226798   0.0097346447
   355     0.11244275   0.0097646226
   356     0.11262935   0.0097899566
   357     0.11278540   0.0098151571
   358     0.11300584   0.0098431163
   359     0.11310773   0.0098707519
   360     0.11327642   0.0098987641
   361     0.11345525   0.0099225235
   362     0.11363740   0.0099485113
   363     0.11373802   0.0099775602
   364     0.11386174    0.010004150
   365     0.11399137    0.010026309
   366     0.11421566    0.010051049
   367     0.11433024    0.010085881
   368     0.11454205    0.010112004
   369     0.11468463    0.010134582
   370     0.11478229    0.010166375
   371     0.11498975    0.010199666
   372     0.11510382    0.010230369
   373     0.11531438    0.010258004
   374     0.11549327    0.010283681
   375     0.11566683    0.010313259
   376     0.11591728    0.010339784
   377     0.11605751    0.010367072
   378     0.11621971    0.010389621
   379     0.11635057    0.010416757
   380     0.11645543    0.010443178
   381     0.11659433    0.010473049
   382     0.11667797    0.010504594
   383     0.11682114    0.010529029
   384     0.11704624    0.010554486
   385     0.11724259    0.010581393
   386     0.11747373    0.010602904
   387     0.11763281    0.010631522
   388     0.11777068    0.010659537
   389     0.11790274    0.010678392
   390     0.11805914    0.010711050
   391     0.11818259    0.010731457
   392     0.11836045    0.010761570
   393     0.11857801    0.010787535
   394     0.11869597    0.010816802
   395     0.11882885    0.010839376
   396     0.11902685    0.010869363
   397     0.11914133    0.010895837
   398     0.11935229    0.010922079
   399     0.11946266    0.010947854
   400     0.11966712    0.010974544
   401     0.11978781    0.011005910
   402     0.11996458    0.011033072
   403     0.12006598    0.011058543
   404     0.12010261    0.011094478
   405     0.12028019    0.011123337
   406     0.12042551    0.011155841
   407     0.12062188    0.011194316
   408     0.12064603    0.011224090
   409     0.12086430    0.011249208
   410     0.12105889    0.011281405
   411     0.12126589    0.011304357
   412     0.12140930    0.011328152
   413     0.12157427    0.011355979
   414     0.12176882    0.011382855
   415     0.12195477    0.011408510
   416     0.12209546    0.011439116
   417     0.12222091    0.011465264
   418     0.12237137    0.011488830
   419     0.12237858    0.011517925
   420     0.12256481    0.011548609
   421     0.12271269    0.011569842
   422     0.12282237    0.011594566
   423     0.12303586    0.011619743
   424     0.12315451    0.011645953
   425     0.12332758    0.011672997
   426     0.12346500    0.011713628
   427     0.12365764    0.011743134
   428     0.12382136    0.011774514
   429     0.12391123    0.011802742
   430     0.12407581    0.011830958
   431     0.12421387    0.011863356
   432     0.12436097    0.011895031
   433     0.12442566    0.011918424
   434     0.12457767    0.011944888
   435     0.12478041    0.011978154
   436     0.12491795    0.012005770
   437     0.12508957    0.012035164
   438     0.12525473    0.012057657
   439     0.12546601    0.012086814
   440     0.12553983    0.012107992
   441     0.12579566    0.012136399
   442     0.12589884    0.012169657
   443     0.12605644    0.012197662
   444     0.12614057    0.012223813
   445     0.12627810    0.012251705
   446     0.12645206    0.012283957
   447     0.12663077    0.012307657
   448     0.12677773    0.012336368
   449     0.12687099    0.012366755
   450     0.12700881    0.012388152
   451     0.12716659    0.012424874
   452     0.12740397    0.012458387
   453     0.12757531    0.012480905
   454     0.12768192    0.012512405
   455     0.12786834    0.012533335
   456     0.12801275    0.012565410
   457     0.12816920    0.012585062
   458     0.12826703    0.012604416
   459     0.12839257    0.012636603
   460     0.12852627    0.012661745
   461     0.12873841    0.012683808
   462     0.12893290    0.012706455
   463     0.12911153    0.012734626
   464     0.12938904    0.012764181
   465     0.12951781    0.012788499
   466     0.12961348    0.012816449
   467     0.12977177    0.012839859
   468     0.12988339    0.012871493
   469     0.13001608    0.012899572
   470     0.13013369    0.012925229
   471     0.13030732    0.012951786
   472     0.13041006    0.012975124
   473     0.13052115    0.013002406
   474     0.13058130    0.013022870
   475     0.13079180    0.013045687
   476     0.13088258    0.013072770
   477     0.13099991    0.013105405
   478     0.13114294    0.013124405
   479     0.13125360    0.013151083
   480     0.13140223    0.013182614
   481     0.13162830    0.013210192
   482     0.13173243    0.013240089
   483     0.13177162    0.013266389
   484     0.13190439    0.013292694
   485     0.13212098    0.013319248
   486     0.13226450    0.013353027
   487     0.13242975    0.013373496
   488     0.13248318    0.013401991
   489     0.13268142    0.013419875
   490     0.13287491    0.013446329
   491     0.13297573    0.013474036
   492     0.13311198    0.013503598
   493     0.13319038    0.013529749
   494     0.13331075    0.013559358
   495     0.13347566    0.013592941
   496     0.13365921    0.013621687
   497     0.13379801    0.013647750
   498     0.13398857    0.013671248
   499     0.13412685    0.013689797
   500     0.13432884    0.013712379
   501     0.13444215    0.013735497
   502     0.13456627    0.013765241
   503     0.13470380    0.013794611
   504     0.13483196    0.013820681
   505     0.13494837    0.013853831
   506     0.13511101    0.013885049
   507     0.13532940    0.013915071
   508     0.13548537    0.013948899
   509     0.13558729    0.013972260
   510     0.13573866    0.014006493
   511     0.13587465    0.014035000
   512     0.13600181    0.014060536
   513     0.13616184    0.014093701
   514     0.13628254    0.014118912
   515     0.13648541    0.014148582
   516     0.13662993    0.014176097
   517     0.13674469    0.014208794
   518     0.13691046    0.014238026
   519     0.13701153    0.014271445
   520     0.13711726    0.014296894
   521     0.13728627    0.014326413
   522     0.13745533    0.014352692
   523     0.13757545    0.014381308
   524     0.13779150    0.014413216
   525     0.13795687    0.014428011
   526     0.13803442    0.014452101
   527     0.13819470    0.014480876
   528     0.13832282    0.014508154
   529     0.13845213    0.014532944
   530     0.13859469    0.014557754
   531     0.13871242    0.014584281
   532     0.13886802    0.014619019
   533     0.13895556    0.014634489
   534     0.13910205    0.014656877
   535     0.13925414    0.014683601
   536     0.13940959    0.014711379
   537     0.13955181    0.014736367
   538     0.13962900    0.014765848
   539     0.13974694    0.014791975
   540     0.13988193    0.014827620
   541     0.14004656    0.014851764
   542     0.14020222    0.014883256
   543     0.14027738    0.014911332
   544     0.14050327    0.014929475
   545     0.14060259    0.014963884
   546     0.14069526    0.014998361
   547     0.14085096    0.015032386
   548     0.14089039    0.015063946
   549     0.14112184    0.015091188
   550     0.14126152    0.015115473
   551     0.14134451    0.015152095
   552     0.14150073    0.015179260
   553     0.14166107    0.015219075
   554     0.14188815    0.015242432
   555     0.14201954    0.015273559
   556     0.14213291    0.015299731
   557     0.14224705    0.015338222
   558     0.14237323    0.015357757
   559     0.14253617    0.015368849
   560     0.14269687    0.015397269
   561     0.14277910    0.015424217
   562     0.14293284    0.015443848
   563     0.14308048    0.015472528
   564     0.14320696    0.015507465
   565     0.14331134    0.015526795
   566     0.14346619    0.015549332
   567     0.14358650    0.015582806
   568     0.14365288    0.015602468
   569     0.14386883    0.015614850
   570     0.14393749    0.015645340
   571     0.14404380    0.015665966
   572     0.14413338    0.015691105
   573     0.14424966    0.015725714
   574     0.14437254    0.015749503
   575     0.14458613    0.015774977
   576     0.14472369    0.015802995
   577     0.14487579    0.015826437
   578     0.14504263    0.015852422
   579     0.14516703    0.015879238
   580     0.14532464    0.015910943
   581     0.14543485    0.015938545
   582     0.14561323    0.015962575
   583     0.14571062    0.015991244
   584     0.14585645    0.016014712
   585     0.14591213    0.016040433
   586     0.14608224    0.016068036
   587     0.14621837    0.016095912
   588     0.14632890    0.016120065
   589     0.14649934    0.016150294
   590     0.14663228    0.016175660
   591     0.14677022    0.016204885
   592     0.14682322    0.016233652
   593     0.14699633    0.016260520
   594     0.14717982    0.016287239
   595     0.14726461    0.016310102
   596     0.14735131    0.016344909
   597     0.14750396    0.016370493
   598     0.14764967    0.016400628
   599     0.14780349    0.016435000
   600     0.14795415    0.016455931
   601     0.14800471    0.016486304
   602     0.14818828    0.016505192
   603     0.14826017    0.016538117
   604     0.14839054    0.016570535
   605     0.14848847    0.016600475
   606     0.14859627    0.016622931
   607     0.14875272    0.016656304
   608     0.14887675    0.016677816
   609     0.14900557    0.016710497
   610     0.14910306    0.016746686
   611     0.14928423    0.016772701
   612     0.14944986    0.016797662
   613     0.14956544    0.016825469
   614     0.14959350    0.016847905
   615     0.14976174    0.016882004
   616     0.14993131    0.016901537
   617     0.15005461    0.016934441
   618     0.15014794    0.016964462
   619     0.15020571    0.016986359
   620     0.15033515    0.017014392
   621     0.15048632    0.017045516
   622     0.15064724    0.017064606
   623     0.15081599    0.017098162
   624     0.15099828    0.017130602
   625     0.15109241    0.017162341
   626     0.15114436    0.017191828
   627     0.15127542    0.017219265
   628     0.15135638    0.017250922
   629     0.15148350    0.017277412
   630     0.15160814    0.017302773
   631     0.15176734    0.017328060
   632     0.15189428    0.017354194
   633     0.15202589    0.017379704
   634     0.15210872    0.017408729
   635     0.15221336    0.017434235
   636     0.15234777    0.017457886
   637     0.15251340    0.017485398
   638     0.15259933    0.017514273
   639     0.15271486    0.017541833
   640     0.15284924    0.017575902
   641     0.15297881    0.017602046
   642     0.15306740    0.017624978
   643     0.15318540    0.017644863
   644     0.15322137    0.017672442
   645     0.15341313    0.017700452
   646     0.15344149    0.017733081
   647     0.15358288    0.017755455
   648     0.15371212    0.017786163
   649     0.15383464    0.017809541
   650     0.15392179    0.017833150
   651     0.15405345    0.017859659
   652     0.15406845    0.017891321
   653     0.15427684    0.017923193
   654     0.15436228    0.017954067
   655     0.15447617    0.017985364
   656     0.15460563    0.018013637
   657     0.15475092    0.018046765
   658     0.15487401    0.018073217
   659     0.15494987    0.018098254
   660     0.15507794    0.018118096
   661     0.15522036    0.018146374
   662     0.15532455    0.018165651
   663     0.15546057    0.018184959
   664     0.15557402    0.018213124
   665     0.15572429    0.018237523
   666     0.15587675    0.018264860
   667     0.15606387    0.018303909
   668     0.15620184    0.018325020
   669     0.15635816    0.018355789
   670     0.15647017    0.018383078
   671     0.15662562    0.018405677
   672     0.15671260    0.018439619
   673     0.15682754    0.018471329
   674     0.15701883    0.018497142
   675     0.15709993    0.018525441
   676     0.15716195    0.018559864
   677     0.15723796    0.018593159
   678     0.15735534    0.018611849
   679     0.15752504    0.018641120
   680     0.15767550    0.018664936
   681     0.15779727    0.018699732
   682     0.15787334    0.018730024
   683     0.15811562    0.018750460
   684     0.15819753    0.018783353
   685     0.15832506    0.018800594
   686     0.15852734    0.018831494
   687     0.15865586    0.018865294
   688     0.15872223    0.018898552
   689     0.15880897    0.018927964
   690     0.15891767    0.018958320
   691     0.15903387    0.018971016
   692     0.15923123    0.019003972
   693     0.15933287    0.019022814
   694     0.15942809    0.019046109
   695     0.15954971    0.019071880
   696     0.15960227    0.019106617
   697     0.15970808    0.019131289
   698     0.15981343    0.019161300
   699     0.15993723    0.019188297
   700     0.16013042    0.019208359
   701     0.16028002    0.019235865
   702     0.16038889    0.019262594
   703     0.16051383    0.019291403
   704     0.16059374    0.019312802
   705     0.16068769    0.019336485
   706     0.16068223    0.019365378
   707     0.16075047    0.019401490
   708     0.16084102    0.019432828
   709     0.16094819    0.019454060
   710     0.16102734    0.019475666
   711     0.16115165    0.019503396
   712     0.16134513    0.019526234
   713     0.16142029    0.019548237
   714     0.16159896    0.019575304
   715     0.16172489    0.019610632
   716     0.16186945    0.019633220
   717     0.16197494    0.019669478
   718     0.16211357    0.019693915
   719     0.16226183    0.019709694
   720     0.16232889    0.019735060
   721     0.16245035    0.019757176
   722     0.16258508    0.019786703
   723     0.16275056    0.019817831
   724     0.16285130    0.019844430
   725     0.16298656    0.019872734
   726     0.16306238    0.019904308
   727     0.16315262    0.019929595
   728     0.16328119    0.019955149
   729     0.16335316    0.019983462
   730     0.16346982    0.020012660
   731     0.16362489    0.020040050
   732     0.16371989    0.020073435
   733     0.16378518    0.020095201
   734     0.16379328    0.020117356
   735     0.16382863    0.020138928
   736     0.16395343    0.020166127
   737     0.16407969    0.020196506
   738     0.16425175    0.020220482
   739     0.16439368    0.020244291
   740     0.16449140    0.020271069
   741     0.16456652    0.020294581
   742     0.16460086    0.020314098
   743     0.16476098    0.020344768
   744     0.16495064    0.020380386
   745     0.16510082    0.020401513
   746     0.16523016    0.020420019
   747     0.16542888    0.020443017
   748     0.16554194    0.020468168
   749     0.16563724    0.020494692
   750     0.16580136    0.020522826
   751     0.16593801    0.020550398
   752     0.16605887    0.020574990
   753     0.16616745    0.020600545
   754     0.16625308    0.020612926
   755     0.16634283    0.020646391
   756     0.16645743    0.020682235
   757     0.16649249    0.020707835
   758     0.16653590    0.020731426
   759     0.16664849    0.020761003
   760     0.16669850    0.020782002
   761     0.16676187    0.020812967
   762     0.16686353    0.020842299
   763     0.16692839    0.020865371
   764     0.16708701    0.020890597
   765     0.16717050    0.020918248
   766     0.16732423    0.020939692
   767     0.16747621    0.020966958
   768     0.16767855    0.020989665
   769     0.16767417    0.021015977
   770     0.16787672    0.021041916
   771     0.16792518    0.021076378
   772     0.16802024    0.021098999
   773     0.16811153    0.021118524
   774     0.16826308    0.021141699
   775     0.16844009    0.021160437
   776     0.16852644    0.021179833
   777     0.16863094    0.021206940
   778     0.16875714    0.021237650
   779     0.16890235    0.021258696
   780     0.16898270    0.021281897
   781     0.16907932    0.021311171
   782     0.16917743    0.021333741
   783     0.16933955    0.021360018
   784     0.16947433    0.021387276
   785     0.16962165    0.021412590
   786     0.16976281    0.021440389
   787     0.16990475    0.021474584
   788     0.17002006    0.021498634
   789     0.17014247    0.021530122
   790     0.17015932    0.021558257
   791     0.17028390    0.021586711
   792     0.17040537    0.021611654
   793     0.17057136    0.021635111
   794     0.17069292    0.021664672
   795     0.17082848    0.021685251
   796     0.17085574    0.021708154
   797     0.17098236    0.021737078
   798     0.17106246    0.021766624
   799     0.17120354    0.021792139
   800     0.17123343    0.021810961
   801     0.17136930    0.021834000
   802     0.17149583    0.021867641
   803     0.17158550    0.021894558
   804     0.17168224    0.021930135
   805     0.17188203    0.021948806
   806     0.17200022    0.021975157
   807     0.17207938    0.021998071
   808     0.17219026    0.022019014
   809     0.17224914    0.022046246
   810     0.17235631    0.022057471
   811     0.17244920    0.022089642
   812     0.17258468    0.022111786
   813     0.17268161    0.022125113
   814     0.17283990    0.022148300
   815     0.17291228    0.022173728
   816     0.17299919    0.022190431
   817     0.17314841    0.022206240
   818     0.17325244    0.022233245
   819     0.17339660    0.022263926
   820     0.17356359    0.022288935
   821     0.17361718    0.022321888
   822     0.17368598    0.022351245
   823     0.17387203    0.022370201
   824     0.17395006    0.022394634
   825     0.17398635    0.022423496
   826     0.17409907    0.022451664
   827     0.17412545    0.022471533
   828     0.17418007    0.022502723
   829     0.17426130    0.022512327
   830     0.17443221    0.022540509
   831     0.17448678    0.022576912
   832     0.17457489    0.022608453
   833     0.17469183    0.022634954
   834     0.17479040    0.022660606
   835     0.17485796    0.022680661
   836     0.17494916    0.022705335
   837     0.17509019    0.022729111
   838     0.17511574    0.022759197
   839     0.17524583    0.022797508
   840     0.17528511    0.022825946
   841     0.17542128    0.022861030
   842     0.17551800    0.022890355
   843     0.17557237    0.022922512
   844     0.17577401    0.022947332
   845     0.17589403    0.022972731
   846     0.17602094    0.022998676
   847     0.17615165    0.023026352
   848     0.17626425    0.023062771
   849     0.17634323    0.023083028
   850     0.17645634    0.023112716
   851     0.17658525    0.023144518
   852     0.17674238    0.023167454
   853     0.17678126    0.023194118
   854     0.17685355    0.023214942
   855     0.17690534    0.023234935
   856     0.17691244    0.023260338
   857     0.17703602    0.023293162
   858     0.17710690    0.023316612
   859     0.17723115    0.023350809
   860     0.17740902    0.023366952
   861     0.17746129    0.023395647
   862     0.17761989    0.023430410
   863     0.17782759    0.023454454
   864     0.17792173    0.023479658
   865     0.17801309    0.023505626
   866     0.17800279    0.023533410
   867     0.17816223    0.023551383
   868     0.17823435    0.023580717
   869     0.17830229    0.023602589
   870     0.17837844    0.023632808
   871     0.17839081    0.023651424
   872     0.17864833    0.023675032
   873     0.17873411    0.023701759
   874     0.17889258    0.023719237
   875     0.17906411    0.023742622
   876     0.17912353    0.023768654
   877     0.17918810    0.023796773
   878     0.17930850    0.023825523
   879     0.17941475    0.023854160
   880     0.17959665    0.023881734
   881     0.17973443    0.023900920
   882     0.17979796    0.023924394
   883     0.17986508    0.023949541
   884     0.17990264    0.023982636
   885     0.18002719    0.024011724
   886     0.18021521    0.024038690
   887     0.18027523    0.024063178
   888     0.18032575    0.024087768
   889     0.18040037    0.024113058
   890     0.18050501    0.024133188
   891     0.18057602    0.024153473
   892     0.18071366    0.024176237
   893     0.18078399    0.024198914
   894     0.18086069    0.024218110
   895     0.18092892    0.024241519
   896     0.18101838    0.024267864
   897     0.18107114    0.024297175
   898     0.18122851    0.024313277
   899     0.18135689    0.024338239
   900     0.18146668    0.024371629
   901     0.18163337    0.024399787
   902     0.18177748    0.024426940
   903     0.18183793    0.024456626
   904     0.18192685    0.024483627
   905     0.18205448    0.024514369
   906     0.18222654    0.024539133
   907     0.18232222    0.024563286
   908     0.18251307    0.024590987
   909     0.18258222    0.024622435
   910     0.18260410    0.024639140
   911     0.18269012    0.024675496
   912     0.18272095    0.024703553
   913     0.18282206    0.024726016
   914     0.18289065    0.024751211
   915     0.18305815    0.024767479
   916     0.18320108    0.024787487
   917     0.18332139    0.024815237
   918     0.18341971    0.024838265
   919     0.18351971    0.024867470
   920     0.18363850    0.024885863
   921     0.18371222    0.024907221
   922     0.18381593    0.024932143
   923     0.18397967    0.024962613
   924     0.18410030    0.024994860
   925     0.18419409    0.025020872
   926     0.18429805    0.025048979
   927     0.18439969    0.025072450
   928     0.18444868    0.025094927
   929     0.18456395    0.025123243
   930     0.18469214    0.025146600
   931     0.18477058    0.025171924
   932     0.18483715    0.025199645
   933     0.18490356    0.025227229
   934     0.18505426    0.025254058
   935     0.18513289    0.025282811
   936     0.18519802    0.025311715
   937     0.18528440    0.025332930
   938     0.18540060    0.025360366
   939     0.18558527    0.025373702
   940     0.18568045    0.025404279
   941     0.18579421    0.025436430
   942     0.18591897    0.025454538
   943     0.18592706    0.025478370
   944     0.18604692    0.025508499
   945     0.18616685    0.025527136
   946     0.18624476    0.025545047
   947     0.18638290    0.025569483
   948     0.18647596    0.025593282
   949     0.18665365    0.025615635
   950     0.18675617    0.025642013
   951     0.18691541    0.025660296
   952     0.18702065    0.025685620
   953     0.18711904    0.025717010
   954     0.18716959    0.025746969
   955     0.18726320    0.025768106
   956     0.18741850    0.025791843
   957     0.18750353    0.025819248
   958     0.18761110    0.025840472
   959     0.18772363    0.025865897
   960     0.18785381    0.025882805
   961     0.18791104    0.025913770
   962     0.18797295    0.025932427
   963     0.18809859    0.025948165
   964     0.18811736    0.025973672
   965     0.18818743    0.025992650
   966     0.18827599    0.026025918
   967     0.18837203    0.026049438
   968     0.18841700    0.026072813
   969     0.18851017    0.026087346
   970     0.18854448    0.026117527
   971     0.18873423    0.026151519
   972     0.18882701    0.026168651
   973     0.18892603    0.026205503
   974     0.18904820    0.026220518
   975     0.18922856    0.026248798
   976     0.18923946    0.026281042
   977     0.18931254    0.026303106
   978     0.18941122    0.026325000
   979     0.18949294    0.026342757
   980     0.18960539    0.026363947
   981     0.18969579    0.026394791
   982     0.18974733    0.026421546
   983     0.18987753    0.026437252
   984     0.18998004    0.026464393
   985     0.19005162    0.026493649
   986     0.19010615    0.026514110
   987     0.19025199    0.026537824
   988     0.19041638    0.026568994
   989     0.19054164    0.026588149
   990     0.19063880    0.026613467
   991     0.19080513    0.026643694
   992     0.19091920    0.026671381
   993     0.19104591    0.026703787
   994     0.19117224    0.026727458
   995     0.19121839    0.026747963
   996     0.19138005    0.026763745
   997     0.19145191    0.026787847
   998     0.19163593    0.026805705
   999     0.19166028    0.026840079
  1000     0.19173223    0.026870862
