     1   0.0026956799 2.6785075E-005
     2   0.0047111822 5.3341589E-005
     3   0.0064339786 8.1090371E-005
     4   0.0078694181  0.00010699640
     5   0.0092841291  0.00013508792
     6    0.010534483  0.00016194724
     7    0.011646918  0.00018729554
     8    0.012696364  0.00021416281
     9    0.013714894  0.00024200540
    10    0.014725986  0.00026785133
    11    0.015723946  0.00029724759
    12    0.016572760  0.00032373468
    13    0.017372916  0.00035011000
    14    0.018187727  0.00037844780
    15    0.019026065  0.00040722715
    16    0.019857811  0.00043336949
    17    0.020594329  0.00046060588
    18    0.021322322  0.00048669293
    19    0.021975693  0.00051307954
    20    0.022636114  0.00054071077
    21    0.023356481  0.00057003170
    22    0.024037052  0.00059701626
    23    0.024663506  0.00062684943
    24    0.025236967  0.00065441342
    25    0.025918204  0.00068216176
    26    0.026566602  0.00071278861
    27    0.027170655  0.00073887563
    28    0.027711208  0.00076817422
    29    0.028343009  0.00079585506
    30    0.028874820  0.00082297547
    31    0.029477331  0.00085054366
    32    0.030066365  0.00087967383
    33    0.030532398  0.00090409116
    34    0.031165143  0.00092838519
    35    0.031649535  0.00095398099
    36    0.032162815  0.00098145159
    37    0.032678342   0.0010110734
    38    0.033199824   0.0010348071
    39    0.033649095   0.0010607084
    40    0.034175559   0.0010891717
    41    0.034520530   0.0011169913
    42    0.035053185   0.0011434228
    43    0.035518825   0.0011686415
    44    0.035922973   0.0011936463
    45    0.036445372   0.0012209437
    46    0.036853958   0.0012462040
    47    0.037321853   0.0012718658
    48    0.037735245   0.0012983765
    49    0.038153638   0.0013256392
    50    0.038579631   0.0013518275
    51    0.039047218   0.0013791200
    52    0.039537000   0.0014015455
    53    0.039952180   0.0014272754
    54    0.040408740   0.0014558332
    55    0.040826559   0.0014841521
    56    0.041288065   0.0015112022
    57    0.041671792   0.0015422692
    58    0.042041387   0.0015691473
    59    0.042449224   0.0015945474
    60    0.042851169   0.0016225597
    61    0.043261757   0.0016497153
    62    0.043648197   0.0016776934
    63    0.044075701   0.0017094002
    64    0.044480767   0.0017394239
    65    0.044799047   0.0017664764
    66    0.045218762   0.0017904844
    67    0.045608929   0.0018196678
    68    0.046037148   0.0018460033
    69    0.046449986   0.0018788695
    70    0.046855032   0.0019073045
    71    0.047139325   0.0019306598
    72    0.047547701   0.0019605161
    73    0.047919083   0.0019882718
    74    0.048319838   0.0020099452
    75    0.048663451   0.0020361728
    76    0.048941543   0.0020615826
    77    0.049283070   0.0020908843
    78    0.049615924   0.0021188948
    79    0.050050845   0.0021515749
    80    0.050358844   0.0021732999
    81    0.050594639   0.0021974885
    82    0.050975528   0.0022217383
    83    0.051320201   0.0022498696
    84    0.051688315   0.0022766213
    85    0.051947352   0.0023018549
    86    0.052286656   0.0023289354
    87    0.052615313   0.0023554047
    88    0.052970542   0.0023820480
    89    0.053256499   0.0024160640
    90    0.053576642   0.0024460478
    91    0.053957880   0.0024725334
    92    0.054260298   0.0025009727
    93    0.054647000   0.0025251450
    94    0.054954518   0.0025506434
    95    0.055279850   0.0025816226
    96    0.055608307   0.0026094304
    97    0.055951443   0.0026351076
    98    0.056304678   0.0026628196
    99    0.056569821   0.0026890100
   100    0.056796670   0.0027192834
   101    0.057155450   0.0027491711
   102    0.057461008   0.0027727760
   103    0.057758374   0.0027985195
   104    0.058102516   0.0028226043
   105    0.058445829   0.0028500493
   106    0.058701349   0.0028750416
   107    0.059022139   0.0029061230
   108    0.059354959   0.0029338827
   109    0.059645036   0.0029563376
   110    0.059962485   0.0029880514
   111    0.060218514   0.0030154658
   112    0.060469228   0.0030410019
   113    0.060784162   0.0030712401
   114    0.061093184   0.0030976018
   115    0.061406298   0.0031293798
   116    0.061683399   0.0031539146
   117    0.062005962   0.0031804806
   118    0.062308303   0.0032074532
   119    0.062530524   0.0032405495
   120    0.062907026   0.0032692530
   121    0.063198090   0.0032945696
   122    0.063495909   0.0033253626
   123    0.063805896   0.0033502618
   124    0.064007974   0.0033754083
   125    0.064252455   0.0034056130
   126    0.064555340   0.0034350065
   127    0.064815134   0.0034642804
   128    0.065104521   0.0034878118
   129    0.065420098   0.0035159027
   130    0.065686833   0.0035409304
   131    0.065949676   0.0035702896
   132    0.066159531   0.0035966992
   133    0.066446015   0.0036219381
   134    0.066744448   0.0036497082
   135    0.066980296   0.0036719351
   136    0.067233311   0.0037053972
   137    0.067464322   0.0037341844
   138    0.067709728   0.0037643170
   139    0.067981087   0.0037883103
   140    0.068265854   0.0038110190
   141    0.068533453   0.0038312231
   142    0.068716650   0.0038586875
   143    0.069006548   0.0038843962
   144    0.069234471   0.0039100015
   145    0.069450261   0.0039384925
   146    0.069752698   0.0039650719
   147    0.069968776   0.0039916787
   148    0.070256502   0.0040223079
   149    0.070502239   0.0040470168
   150    0.070790068   0.0040698849
   151    0.071020036   0.0040985883
   152    0.071254314   0.0041281212
   153    0.071542543   0.0041467429
   154    0.071886442   0.0041778870
   155    0.072130851   0.0042050953
   156    0.072421812   0.0042359708
   157    0.072598370   0.0042684707
   158    0.072870412   0.0042991231
   159    0.073194171   0.0043291664
   160    0.073420897   0.0043564631
   161    0.073676420   0.0043801815
   162    0.073928550   0.0044106303
   163    0.074182163   0.0044342018
   164    0.074454061   0.0044639223
   165    0.074706336   0.0044932375
   166    0.074904587   0.0045188057
   167    0.075173614   0.0045470949
   168    0.075399728   0.0045782765
   169    0.075600121   0.0046044812
   170    0.075813053   0.0046335070
   171    0.076105099   0.0046606058
   172    0.076371139   0.0046882682
   173    0.076602702   0.0047208061
   174    0.076915747   0.0047499709
   175    0.077201468   0.0047784846
   176    0.077499561   0.0048016807
   177    0.077739152   0.0048345209
   178    0.077968050   0.0048602282
   179    0.078130745   0.0048906499
   180    0.078297050   0.0049146048
   181    0.078562154   0.0049312032
   182    0.078842811   0.0049588133
   183    0.079059377   0.0049860940
   184    0.079254872   0.0050151230
   185    0.079484744   0.0050404127
   186    0.079645040   0.0050701488
   187    0.079886565   0.0050950259
   188    0.080053051   0.0051210979
   189    0.080365680   0.0051490266
   190    0.080619148   0.0051771848
   191    0.080884521   0.0052028816
   192    0.081099875   0.0052381675
   193    0.081327318   0.0052653463
   194    0.081520910   0.0052878745
   195    0.081682176   0.0053137644
   196    0.081934207   0.0053343558
   197    0.082095582   0.0053668965
   198    0.082352415   0.0053974316
   199    0.082597124   0.0054172556
   200    0.082845398   0.0054437695
   201    0.083065231   0.0054774093
   202    0.083343952   0.0055084220
   203    0.083551987   0.0055370857
   204    0.083860633   0.0055654841
   205    0.084011326   0.0055944854
   206    0.084264626   0.0056214867
   207    0.084502990   0.0056509211
   208    0.084697787   0.0056768767
   209    0.084849191   0.0057007299
   210    0.085063732   0.0057305085
   211    0.085348249   0.0057582220
   212    0.085599644   0.0057890619
   213    0.085744788   0.0058161985
   214    0.085942939   0.0058471292
   215    0.086226782   0.0058792725
   216    0.086488554   0.0059086828
   217    0.086668700   0.0059371041
   218    0.086910039   0.0059645283
   219    0.087079725   0.0059960517
   220    0.087334984   0.0060264859
   221    0.087502472   0.0060561291
   222    0.087608040   0.0060891194
   223    0.087806534   0.0061200742
   224    0.088043227   0.0061537837
   225    0.088321584   0.0061756192
   226    0.088538376   0.0062014459
   227    0.088785403   0.0062276235
   228    0.088978591   0.0062554342
   229    0.089177732   0.0062921861
   230    0.089452620   0.0063328817
   231    0.089650387   0.0063562469
   232    0.089912418   0.0063783392
   233    0.090106311   0.0064035941
   234    0.090350117   0.0064337683
   235    0.090637649   0.0064648329
   236    0.090865349   0.0064877037
   237    0.091045692   0.0065169877
   238    0.091201617   0.0065431351
   239    0.091438141   0.0065701058
   240    0.091635392   0.0065908854
   241    0.091819277   0.0066156400
   242    0.091959148   0.0066455239
   243    0.092125472   0.0066713181
   244    0.092432134   0.0067009831
   245    0.092631867   0.0067261344
   246    0.092828714   0.0067557636
   247    0.093065644   0.0067800783
   248    0.093228522   0.0068127352
   249    0.093558096   0.0068440397
   250    0.093723752   0.0068730099
   251    0.093968869   0.0069031017
   252    0.094124136   0.0069320236
   253    0.094320265   0.0069552485
   254    0.094548004   0.0069844645
   255    0.094736878   0.0070076036
   256    0.094931207   0.0070368386
   257    0.095060274   0.0070661288
   258    0.095219783   0.0070948318
   259    0.095461696   0.0071209855
   260    0.095702731   0.0071507049
   261    0.095832442   0.0071827988
   262    0.095967860   0.0072089203
   263    0.096190114   0.0072389474
   264    0.096349568   0.0072694761
   265    0.096456537   0.0072957649
   266    0.096669997   0.0073256477
   267    0.096864091   0.0073517292
   268    0.097145668   0.0073852447
   269    0.097270532   0.0074107226
   270    0.097486518   0.0074365578
   271    0.097731784   0.0074633343
   272    0.097915245   0.0074967076
   273    0.098079047   0.0075211226
   274    0.098285403   0.0075533908
   275    0.098441400   0.0075889955
   276    0.098662558   0.0076176819
   277    0.098890601   0.0076509092
   278    0.099078652   0.0076796230
   279    0.099347366   0.0077122941
   280    0.099535723   0.0077378798
   281    0.099706120   0.0077646418
   282    0.099834055   0.0077981137
   283    0.099996164   0.0078283546
   284     0.10019525   0.0078589981
   285     0.10044166   0.0078880425
   286     0.10064160   0.0079142332
   287     0.10083825   0.0079477598
   288     0.10105876   0.0079702816
   289     0.10127278   0.0079997761
   290     0.10135845   0.0080312194
   291     0.10156260   0.0080641670
   292     0.10175790   0.0080890348
   293     0.10187411   0.0081159770
   294     0.10202467   0.0081513046
   295     0.10231126   0.0081743147
   296     0.10254381   0.0081987866
   297     0.10270129   0.0082285302
   298     0.10293515   0.0082588712
   299     0.10315121   0.0082828907
   300     0.10326848   0.0083131923
   301     0.10340234   0.0083404972
   302     0.10370481   0.0083637730
   303     0.10379656   0.0083929665
   304     0.10393305   0.0084275661
   305     0.10422127   0.0084524806
   306     0.10446102   0.0084783171
   307     0.10466819   0.0084998083
   308     0.10483918   0.0085335714
   309     0.10502818   0.0085689144
   310     0.10528213   0.0085936787
   311     0.10542032   0.0086168657
   312     0.10556721   0.0086446697
   313     0.10571342   0.0086671064
   314     0.10594720   0.0086952920
   315     0.10611263   0.0087211912
   316     0.10622191   0.0087516356
   317     0.10632960   0.0087761051
   318     0.10638089   0.0088039612
   319     0.10650048   0.0088362049
   320     0.10667768   0.0088638544
   321     0.10684574   0.0088925810
   322     0.10695199   0.0089188913
   323     0.10717549   0.0089513687
   324     0.10730516   0.0089770475
   325     0.10749423   0.0090017704
   326     0.10758849   0.0090248804
   327     0.10778402   0.0090488533
   328     0.10795321   0.0090699061
   329     0.10808748   0.0090998058
   330     0.10831524   0.0091278848
   331     0.10842001   0.0091500531
   332     0.10859629   0.0091724113
   333     0.10879169   0.0091997388
   334     0.10899791   0.0092294836
   335     0.10923850   0.0092615286
   336     0.10935525   0.0092852119
   337     0.10950079   0.0093146438
   338     0.10966647   0.0093437752
   339     0.10992981   0.0093662115
   340     0.11010877   0.0093976761
   341     0.11030799   0.0094277873
   342     0.11043654   0.0094550269
   343     0.11064755   0.0094851035
   344     0.11083924   0.0095138481
   345     0.11098600   0.0095472490
   346     0.11117157   0.0095748712
   347     0.11132554   0.0096006920
   348     0.11146735   0.0096204565
   349     0.11163721   0.0096507634
   350     0.11184620   0.0096781583
   351     0.11198757   0.0097005723
   352     0.11216064   0.0097258924
   353     0.11234955   0.0097547856
   354     0.11261569   0.0097813580
   355     0.11271971   0.0098053355
   356     0.11290735   0.0098346970
   357     0.11303483   0.0098575596
   358     0.11312503   0.0098824883
   359     0.11332130   0.0099188945
   360     0.11352536   0.0099475638
   361     0.11373129   0.0099724297
   362     0.11390638   0.0099970339
   363     0.11401663    0.010029961
   364     0.11416140    0.010058733
   365     0.11431844    0.010085576
   366     0.11444197    0.010110231
   367     0.11465967    0.010133564
   368     0.11482619    0.010164381
   369     0.11498336    0.010189776
   370     0.11515681    0.010218632
   371     0.11528398    0.010241901
   372     0.11543745    0.010270963
   373     0.11564272    0.010296476
   374     0.11587215    0.010323608
   375     0.11599624    0.010355833
   376     0.11614656    0.010382223
   377     0.11630782    0.010412542
   378     0.11640905    0.010445491
   379     0.11654311    0.010469254
   380     0.11674725    0.010494491
   381     0.11686818    0.010520769
   382     0.11708082    0.010554674
   383     0.11723680    0.010584851
   384     0.11732210    0.010609425
   385     0.11751192    0.010638627
   386     0.11764867    0.010670919
   387     0.11787178    0.010697287
   388     0.11805403    0.010721331
   389     0.11814375    0.010750395
   390     0.11832962    0.010780350
   391     0.11856321    0.010812288
   392     0.11873756    0.010834143
   393     0.11891317    0.010862857
   394     0.11904057    0.010887100
   395     0.11921746    0.010912649
   396     0.11935064    0.010941804
   397     0.11954870    0.010975511
   398     0.11974263    0.011001597
   399     0.11988157    0.011025290
   400     0.12000853    0.011054354
   401     0.12022877    0.011087145
   402     0.12033701    0.011120921
   403     0.12038077    0.011145891
   404     0.12051782    0.011165722
   405     0.12067833    0.011192845
   406     0.12077681    0.011221714
   407     0.12105043    0.011248060
   408     0.12112316    0.011278361
   409     0.12120207    0.011306349
   410     0.12136691    0.011328430
   411     0.12153026    0.011352749
   412     0.12169819    0.011383809
   413     0.12184542    0.011415611
   414     0.12199278    0.011445846
   415     0.12225416    0.011471564
   416     0.12239221    0.011504314
   417     0.12258702    0.011521482
   418     0.12277285    0.011551960
   419     0.12290959    0.011584445
   420     0.12310408    0.011612575
   421     0.12328433    0.011644316
   422     0.12342660    0.011677891
   423     0.12348907    0.011706964
   424     0.12364557    0.011737676
   425     0.12385503    0.011765018
   426     0.12405736    0.011797222
   427     0.12414033    0.011824343
   428     0.12432373    0.011847626
   429     0.12439365    0.011872979
   430     0.12461198    0.011903251
   431     0.12484050    0.011937219
   432     0.12497118    0.011960867
   433     0.12509263    0.011986864
   434     0.12530095    0.012014655
   435     0.12551023    0.012041257
   436     0.12563977    0.012072052
   437     0.12586857    0.012107868
   438     0.12607765    0.012137307
   439     0.12628062    0.012161506
   440     0.12642118    0.012190335
   441     0.12660505    0.012213800
   442     0.12678839    0.012248679
   443     0.12697955    0.012267504
   444     0.12709555    0.012303011
   445     0.12727451    0.012318591
   446     0.12736403    0.012350507
   447     0.12749799    0.012371966
   448     0.12756955    0.012397646
   449     0.12773040    0.012424461
   450     0.12785775    0.012450787
   451     0.12798134    0.012479829
   452     0.12812808    0.012512286
   453     0.12825166    0.012542294
   454     0.12841736    0.012569449
   455     0.12855315    0.012597074
   456     0.12876068    0.012620943
   457     0.12894365    0.012643728
   458     0.12906903    0.012670315
   459     0.12916499    0.012697876
   460     0.12940609    0.012718848
   461     0.12950777    0.012745461
   462     0.12957359    0.012772246
   463     0.12974604    0.012802211
   464     0.12996606    0.012828519
   465     0.13016175    0.012858376
   466     0.13031154    0.012883941
   467     0.13036598    0.012913697
   468     0.13053764    0.012937284
   469     0.13066250    0.012965047
   470     0.13075944    0.012987442
   471     0.13090997    0.013016782
   472     0.13110029    0.013032562
   473     0.13117897    0.013058762
   474     0.13135113    0.013080259
   475     0.13149252    0.013109405
   476     0.13159663    0.013143526
   477     0.13172487    0.013170640
   478     0.13179651    0.013200843
   479     0.13191924    0.013233824
   480     0.13205134    0.013257120
   481     0.13225766    0.013286944
   482     0.13231344    0.013324377
   483     0.13250121    0.013348562
   484     0.13263696    0.013381107
   485     0.13276396    0.013415060
   486     0.13294674    0.013435802
   487     0.13302635    0.013466660
   488     0.13319452    0.013493170
   489     0.13336292    0.013518092
   490     0.13348569    0.013543897
   491     0.13357109    0.013563007
   492     0.13371243    0.013590831
   493     0.13385034    0.013614217
   494     0.13393975    0.013644776
   495     0.13407710    0.013674158
   496     0.13420844    0.013700325
   497     0.13444366    0.013726544
   498     0.13450719    0.013761786
   499     0.13461804    0.013783350
   500     0.13480919    0.013818737
   501     0.13497233    0.013839999
   502     0.13513594    0.013867756
   503     0.13518754    0.013893555
   504     0.13534399    0.013919927
   505     0.13538868    0.013945148
   506     0.13551277    0.013970726
   507     0.13564369    0.013993765
   508     0.13579955    0.014026895
   509     0.13593515    0.014058028
   510     0.13602361    0.014084333
   511     0.13621733    0.014107272
   512     0.13634004    0.014133365
   513     0.13651695    0.014162786
   514     0.13663934    0.014184167
   515     0.13679371    0.014210619
   516     0.13684472    0.014243964
   517     0.13697070    0.014273503
   518     0.13709499    0.014302578
   519     0.13728548    0.014325425
   520     0.13737065    0.014356512
   521     0.13755322    0.014383191
   522     0.13767365    0.014409863
   523     0.13779368    0.014439631
   524     0.13796005    0.014463936
   525     0.13818975    0.014489523
   526     0.13827587    0.014526468
   527     0.13843049    0.014548260
   528     0.13863584    0.014575911
   529     0.13873707    0.014602840
   530     0.13888504    0.014626033
   531     0.13901749    0.014658952
   532     0.13914545    0.014690495
   533     0.13917897    0.014719986
   534     0.13928315    0.014742946
   535     0.13943554    0.014768836
   536     0.13952676    0.014795786
   537     0.13967094    0.014816082
   538     0.13977028    0.014842225
   539     0.13986405    0.014881793
   540     0.14005488    0.014907544
   541     0.14018063    0.014928831
   542     0.14030844    0.014955746
   543     0.14047869    0.014976849
   544     0.14057877    0.015003653
   545     0.14075242    0.015035865
   546     0.14089074    0.015061325
   547     0.14099107    0.015086086
   548     0.14111557    0.015117372
   549     0.14127817    0.015145947
   550     0.14140281    0.015173761
   551     0.14151482    0.015206342
   552     0.14168168    0.015234030
   553     0.14186096    0.015258459
   554     0.14202264    0.015279604
   555     0.14213617    0.015314926
   556     0.14237164    0.015345720
   557     0.14248599    0.015369522
   558     0.14264891    0.015398020
   559     0.14270114    0.015429261
   560     0.14285784    0.015461420
   561     0.14288791    0.015492861
   562     0.14299477    0.015514506
   563     0.14315519    0.015529924
   564     0.14326249    0.015558963
   565     0.14341088    0.015588626
   566     0.14350471    0.015616090
   567     0.14369226    0.015639116
   568     0.14382947    0.015670132
   569     0.14394159    0.015695859
   570     0.14408321    0.015721124
   571     0.14419613    0.015749057
   572     0.14434659    0.015778222
   573     0.14451229    0.015808354
   574     0.14470236    0.015832221
   575     0.14482339    0.015858367
   576     0.14503774    0.015874876
   577     0.14510946    0.015907977
   578     0.14516537    0.015942773
   579     0.14529629    0.015970457
   580     0.14546499    0.016005464
   581     0.14560093    0.016030649
   582     0.14566781    0.016056797
   583     0.14574718    0.016083583
   584     0.14586778    0.016106918
   585     0.14595438    0.016132058
   586     0.14611812    0.016166561
   587     0.14625401    0.016191894
   588     0.14642895    0.016220668
   589     0.14660964    0.016254558
   590     0.14679538    0.016276092
   591     0.14697075    0.016308249
   592     0.14713181    0.016335997
   593     0.14730890    0.016359181
   594     0.14748311    0.016391801
   595     0.14766048    0.016426869
   596     0.14778937    0.016447465
   597     0.14783621    0.016479242
   598     0.14797590    0.016500094
   599     0.14804700    0.016527088
   600     0.14816819    0.016560323
   601     0.14827403    0.016580565
   602     0.14841964    0.016611369
   603     0.14854524    0.016637763
   604     0.14871168    0.016675089
   605     0.14880515    0.016704557
   606     0.14890113    0.016731786
   607     0.14895903    0.016761399
   608     0.14907002    0.016789579
   609     0.14919209    0.016815315
   610     0.14929802    0.016838364
   611     0.14946980    0.016862257
   612     0.14962963    0.016892935
   613     0.14978418    0.016922423
   614     0.14993000    0.016940070
   615     0.15002460    0.016963769
   616     0.15018449    0.016996600
   617     0.15032250    0.017029578
   618     0.15042673    0.017055128
   619     0.15046034    0.017093017
   620     0.15062605    0.017116189
   621     0.15079042    0.017136511
   622     0.15090675    0.017164806
   623     0.15105084    0.017191419
   624     0.15119424    0.017222156
   625     0.15136998    0.017251105
   626     0.15147460    0.017275126
   627     0.15158484    0.017301481
   628     0.15163770    0.017328374
   629     0.15165806    0.017361133
   630     0.15183782    0.017392901
   631     0.15194672    0.017425485
   632     0.15210634    0.017444523
   633     0.15222596    0.017470927
   634     0.15237310    0.017500356
   635     0.15247529    0.017526866
   636     0.15264112    0.017545082
   637     0.15275313    0.017573147
   638     0.15293276    0.017597506
   639     0.15302531    0.017615603
   640     0.15309504    0.017650666
   641     0.15321364    0.017679549
   642     0.15332312    0.017709441
   643     0.15338822    0.017735365
   644     0.15349733    0.017760547
   645     0.15364316    0.017789586
   646     0.15377174    0.017814767
   647     0.15386424    0.017847780
   648     0.15400561    0.017869791
   649     0.15410290    0.017902982
   650     0.15422685    0.017924990
   651     0.15439454    0.017951457
   652     0.15454806    0.017976405
   653     0.15466735    0.018010693
   654     0.15473513    0.018036303
   655     0.15483912    0.018067111
   656     0.15497722    0.018090094
   657     0.15506142    0.018105007
   658     0.15519290    0.018135218
   659     0.15541032    0.018156892
   660     0.15564457    0.018181374
   661     0.15579387    0.018208498
   662     0.15593528    0.018226924
   663     0.15603465    0.018249322
   664     0.15612682    0.018279168
   665     0.15615686    0.018306596
   666     0.15633236    0.018333312
   667     0.15639919    0.018369060
   668     0.15648273    0.018388208
   669     0.15661183    0.018423079
   670     0.15676425    0.018459519
   671     0.15689721    0.018486068
   672     0.15710157    0.018520758
   673     0.15731469    0.018543276
   674     0.15743083    0.018574779
   675     0.15750870    0.018602757
   676     0.15757290    0.018627050
   677     0.15771884    0.018657264
   678     0.15783998    0.018675548
   679     0.15798861    0.018702014
   680     0.15808675    0.018728010
   681     0.15818714    0.018751052
   682     0.15828980    0.018791857
   683     0.15844344    0.018806447
   684     0.15858745    0.018829495
   685     0.15872988    0.018855449
   686     0.15885941    0.018880528
   687     0.15892948    0.018912000
   688     0.15910096    0.018930736
   689     0.15925790    0.018963862
   690     0.15945486    0.018986964
   691     0.15947923    0.019006963
   692     0.15960008    0.019032258
   693     0.15965413    0.019054151
   694     0.15973614    0.019068321
   695     0.15993230    0.019079951
   696     0.15996054    0.019105205
   697     0.16001085    0.019142270
   698     0.16014393    0.019166017
   699     0.16033407    0.019189240
   700     0.16042871    0.019206930
   701     0.16052635    0.019237098
   702     0.16066709    0.019264900
   703     0.16078388    0.019290112
   704     0.16093211    0.019321648
   705     0.16108564    0.019349504
   706     0.16111310    0.019372104
   707     0.16120413    0.019403118
   708     0.16129898    0.019432354
   709     0.16139804    0.019462530
   710     0.16152775    0.019486669
   711     0.16158772    0.019513588
   712     0.16172012    0.019529507
   713     0.16177030    0.019559463
   714     0.16190135    0.019586246
   715     0.16203990    0.019604026
   716     0.16213006    0.019631786
   717     0.16222035    0.019658103
   718     0.16230246    0.019673465
   719     0.16243765    0.019706107
   720     0.16247814    0.019733389
   721     0.16258123    0.019754901
   722     0.16269001    0.019781408
   723     0.16280925    0.019809745
   724     0.16293383    0.019831646
   725     0.16303244    0.019862283
   726     0.16319740    0.019886680
   727     0.16333588    0.019918894
   728     0.16350103    0.019948141
   729     0.16366935    0.019968408
   730     0.16376178    0.019994014
   731     0.16384208    0.020012834
   732     0.16396499    0.020038894
   733     0.16409692    0.020051473
   734     0.16417608    0.020077759
   735     0.16427886    0.020102080
   736     0.16440311    0.020118726
   737     0.16458455    0.020151429
   738     0.16470976    0.020172650
   739     0.16484500    0.020197010
   740     0.16497748    0.020211437
   741     0.16510918    0.020238899
   742     0.16529848    0.020263045
   743     0.16533637    0.020285684
   744     0.16544448    0.020312792
   745     0.16547387    0.020339547
   746     0.16569726    0.020356809
   747     0.16584439    0.020386199
   748     0.16588634    0.020412924
   749     0.16601588    0.020439469
   750     0.16607051    0.020458100
   751     0.16614616    0.020493151
   752     0.16626475    0.020513995
   753     0.16633078    0.020541973
   754     0.16638681    0.020567547
   755     0.16657104    0.020597648
   756     0.16675334    0.020616280
   757     0.16685452    0.020641949
   758     0.16694490    0.020676278
   759     0.16706050    0.020701236
   760     0.16715831    0.020733173
   761     0.16725345    0.020767611
   762     0.16741386    0.020788706
   763     0.16763118    0.020810632
   764     0.16771880    0.020835653
   765     0.16783816    0.020865926
   766     0.16795551    0.020895058
   767     0.16809568    0.020919510
   768     0.16824028    0.020951638
   769     0.16833410    0.020979994
   770     0.16847360    0.021004131
   771     0.16859925    0.021044367
   772     0.16875703    0.021076095
   773     0.16886315    0.021108062
   774     0.16890290    0.021139128
   775     0.16902327    0.021173480
   776     0.16907476    0.021208081
   777     0.16917257    0.021234182
   778     0.16927204    0.021257512
   779     0.16936513    0.021284891
   780     0.16943815    0.021310364
   781     0.16965746    0.021333199
   782     0.16972319    0.021369131
   783     0.16976469    0.021399398
   784     0.16991327    0.021423932
   785     0.17007362    0.021445506
   786     0.17012674    0.021474952
   787     0.17031009    0.021494778
   788     0.17043097    0.021522030
   789     0.17051585    0.021545092
   790     0.17064054    0.021573839
   791     0.17069268    0.021594248
   792     0.17074622    0.021623662
   793     0.17080229    0.021659303
   794     0.17098148    0.021685823
   795     0.17118469    0.021703629
   796     0.17123654    0.021733757
   797     0.17134715    0.021750720
   798     0.17145123    0.021787391
   799     0.17158831    0.021808320
   800     0.17171630    0.021826330
   801     0.17182900    0.021861172
   802     0.17191903    0.021889445
   803     0.17203854    0.021914734
   804     0.17214479    0.021937763
   805     0.17231623    0.021964287
   806     0.17245975    0.022001317
   807     0.17252919    0.022023979
   808     0.17255978    0.022033994
   809     0.17265300    0.022058524
   810     0.17276901    0.022088259
   811     0.17282496    0.022118048
   812     0.17296060    0.022141565
   813     0.17308907    0.022168905
   814     0.17323800    0.022190204
   815     0.17342774    0.022219445
   816     0.17348949    0.022229739
   817     0.17360551    0.022252989
   818     0.17371407    0.022289184
   819     0.17386771    0.022312147
   820     0.17401434    0.022342968
   821     0.17406439    0.022366074
   822     0.17409425    0.022390935
   823     0.17418143    0.022421721
   824     0.17424706    0.022458191
   825     0.17440149    0.022480217
   826     0.17454492    0.022508359
   827     0.17462313    0.022538660
   828     0.17479662    0.022567359
   829     0.17494728    0.022587491
   830     0.17497856    0.022616038
   831     0.17512944    0.022639393
   832     0.17514285    0.022666803
   833     0.17517121    0.022691490
   834     0.17522642    0.022715416
   835     0.17535859    0.022734063
   836     0.17549776    0.022760080
   837     0.17560538    0.022790749
   838     0.17574635    0.022816889
   839     0.17584960    0.022841460
   840     0.17598021    0.022872208
   841     0.17609278    0.022886876
   842     0.17623384    0.022914153
   843     0.17625068    0.022930062
   844     0.17638960    0.022953711
   845     0.17652533    0.022989154
   846     0.17662507    0.023010758
   847     0.17675151    0.023033687
   848     0.17675465    0.023065862
   849     0.17687148    0.023089279
   850     0.17700267    0.023113991
   851     0.17716418    0.023137054
   852     0.17728079    0.023162910
   853     0.17743181    0.023198901
   854     0.17752981    0.023226290
   855     0.17759447    0.023246635
   856     0.17771703    0.023274191
   857     0.17782239    0.023305208
   858     0.17801893    0.023329588
   859     0.17809225    0.023355549
   860     0.17819892    0.023382527
   861     0.17829010    0.023412749
   862     0.17840179    0.023446824
   863     0.17847971    0.023467635
   864     0.17862163    0.023491730
   865     0.17878274    0.023512226
   866     0.17881924    0.023537271
   867     0.17888577    0.023561658
   868     0.17899866    0.023577603
   869     0.17910698    0.023593204
   870     0.17919860    0.023622217
   871     0.17928193    0.023655456
   872     0.17933479    0.023680341
   873     0.17951179    0.023705066
   874     0.17957824    0.023731082
   875     0.17966346    0.023747823
   876     0.17979583    0.023776171
   877     0.17982256    0.023808969
   878     0.17992327    0.023829619
   879     0.18001800    0.023856496
   880     0.18018410    0.023871221
   881     0.18033745    0.023892691
   882     0.18042729    0.023910111
   883     0.18053419    0.023945382
   884     0.18059970    0.023971736
   885     0.18068477    0.024003941
   886     0.18080274    0.024027763
   887     0.18086493    0.024053940
   888     0.18097164    0.024070940
   889     0.18107960    0.024103587
   890     0.18113466    0.024130733
   891     0.18117281    0.024164849
   892     0.18126734    0.024196651
   893     0.18138674    0.024217826
   894     0.18147583    0.024238390
   895     0.18161981    0.024275011
   896     0.18171268    0.024296421
   897     0.18173309    0.024329003
   898     0.18182997    0.024355213
   899     0.18200427    0.024374058
   900     0.18210639    0.024405408
   901     0.18218026    0.024437156
   902     0.18231924    0.024465159
   903     0.18243265    0.024499506
   904     0.18262612    0.024524730
   905     0.18270989    0.024553844
   906     0.18279425    0.024574380
   907     0.18292762    0.024597013
   908     0.18304079    0.024616194
   909     0.18310162    0.024637497
   910     0.18320267    0.024663508
   911     0.18321000    0.024698227
   912     0.18337535    0.024718512
   913     0.18346014    0.024736468
   914     0.18354521    0.024761347
   915     0.18360805    0.024782562
   916     0.18373592    0.024798126
   917     0.18382196    0.024822248
   918     0.18385363    0.024849205
   919     0.18397821    0.024871609
   920     0.18409901    0.024892631
   921     0.18413406    0.024908867
   922     0.18422775    0.024943815
   923     0.18421830    0.024969176
   924     0.18437614    0.024988739
   925     0.18446533    0.025008694
   926     0.18456360    0.025029635
   927     0.18474388    0.025047572
   928     0.18485520    0.025071138
   929     0.18501329    0.025090737
   930     0.18509305    0.025119577
   931     0.18520495    0.025144493
   932     0.18521029    0.025168069
   933     0.18524242    0.025194715
   934     0.18530306    0.025229254
   935     0.18538005    0.025251494
   936     0.18550564    0.025280547
   937     0.18562460    0.025295474
   938     0.18573145    0.025315662
   939     0.18579577    0.025344703
   940     0.18598818    0.025371591
   941     0.18603457    0.025397810
   942     0.18606068    0.025415558
   943     0.18616241    0.025442123
   944     0.18628751    0.025459529
   945     0.18635364    0.025488698
   946     0.18650680    0.025514721
   947     0.18665307    0.025550414
   948     0.18685401    0.025567397
   949     0.18692949    0.025588202
   950     0.18707783    0.025616266
   951     0.18716725    0.025648072
   952     0.18719716    0.025675925
   953     0.18723640    0.025703771
   954     0.18729704    0.025730395
   955     0.18739486    0.025748462
   956     0.18751834    0.025772688
   957     0.18756149    0.025811796
   958     0.18768182    0.025821381
   959     0.18788691    0.025849668
   960     0.18794778    0.025888865
   961     0.18812327    0.025911716
   962     0.18820546    0.025919191
   963     0.18832534    0.025945181
   964     0.18841121    0.025961420
   965     0.18845022    0.025985092
   966     0.18859197    0.026014558
   967     0.18875646    0.026036533
   968     0.18879746    0.026056346
   969     0.18891634    0.026079651
   970     0.18903343    0.026102283
   971     0.18910853    0.026128342
   972     0.18922471    0.026158397
   973     0.18923198    0.026192696
   974     0.18951301    0.026212948
   975     0.18956133    0.026235689
   976     0.18969084    0.026262565
   977     0.18976226    0.026290525
   978     0.18976472    0.026318194
   979     0.18990741    0.026340174
   980     0.19000145    0.026357220
   981     0.19012079    0.026377024
   982     0.19015061    0.026386802
   983     0.19026402    0.026408413
   984     0.19028175    0.026447439
   985     0.19042155    0.026475008
   986     0.19048968    0.026506094
   987     0.19061923    0.026526969
   988     0.19073033    0.026558737
   989     0.19085135    0.026584031
   990     0.19097647    0.026618720
   991     0.19100277    0.026652933
   992     0.19121326    0.026676489
   993     0.19135109    0.026694862
   994     0.19148700    0.026717980
   995     0.19158195    0.026736446
   996     0.19167555    0.026767062
   997     0.19185774    0.026786544
   998     0.19197524    0.026813099
   999     0.19203370    0.026837933
  1000     0.19209567    0.026859479
