     1   0.0033337777 2.2223703E-005
     2   0.0056994611 5.3165725E-005
     3   0.0075512039 8.2323909E-005
     4   0.0092571012  0.00011292225
     5    0.010665522  0.00014196368
     6    0.011961207  0.00016990367
     7    0.013117205  0.00019962021
     8    0.014177099  0.00022611634
     9    0.015163122  0.00025284021
    10    0.016212494  0.00028302288
    11    0.017121613  0.00030916503
    12    0.017981610  0.00033699175
    13    0.018871762  0.00036505958
    14    0.019600515  0.00038850534
    15    0.020481773  0.00041760962
    16    0.021307873  0.00044754806
    17    0.022057183  0.00047500677
    18    0.022836045  0.00050517749
    19    0.023499975  0.00053074477
    20    0.024187248  0.00055836826
    21    0.024886661  0.00058512335
    22    0.025551900  0.00061437833
    23    0.026240509  0.00063985488
    24    0.026914898  0.00067140270
    25    0.027485315  0.00069587863
    26    0.028187871  0.00072706582
    27    0.028765809  0.00075466479
    28    0.029291603  0.00078010483
    29    0.029945277  0.00081102037
    30    0.030502855  0.00083756524
    31    0.030979689  0.00086571155
    32    0.031499714  0.00089357194
    33    0.032109276  0.00092102138
    34    0.032675287  0.00095140899
    35    0.033190206  0.00098016769
    36    0.033608615   0.0010047274
    37    0.034226161   0.0010352689
    38    0.034710074   0.0010600964
    39    0.035227913   0.0010878044
    40    0.035683621   0.0011144174
    41    0.036210508   0.0011415432
    42    0.036745951   0.0011711032
    43    0.037206971   0.0012026952
    44    0.037669015   0.0012260496
    45    0.038127753   0.0012557607
    46    0.038589278   0.0012787333
    47    0.039029779   0.0013117021
    48    0.039550898   0.0013382457
    49    0.039916811   0.0013630712
    50    0.040427385   0.0013927558
    51    0.040806291   0.0014251612
    52    0.041265696   0.0014517425
    53    0.041677524   0.0014796898
    54    0.042177629   0.0015045651
    55    0.042620889   0.0015344055
    56    0.042983395   0.0015625969
    57    0.043281763   0.0015850568
    58    0.043736476   0.0016137673
    59    0.044155965   0.0016384006
    60    0.044541366   0.0016678863
    61    0.044954367   0.0016942857
    62    0.045320951   0.0017228709
    63    0.045738810   0.0017471077
    64    0.046069418   0.0017735113
    65    0.046472266   0.0017999401
    66    0.046842360   0.0018280915
    67    0.047196738   0.0018548373
    68    0.047682111   0.0018878339
    69    0.048114320   0.0019135783
    70    0.048488227   0.0019402284
    71    0.048834335   0.0019690225
    72    0.049176015   0.0019983167
    73    0.049590052   0.0020275980
    74    0.050044581   0.0020564345
    75    0.050416342   0.0020887564
    76    0.050730612   0.0021176016
    77    0.051062926   0.0021474046
    78    0.051460766   0.0021754196
    79    0.051845908   0.0022041963
    80    0.052169210   0.0022275443
    81    0.052441005   0.0022583626
    82    0.052895466   0.0022908136
    83    0.053157538   0.0023213584
    84    0.053566342   0.0023458595
    85    0.053958706   0.0023820840
    86    0.054210069   0.0024073569
    87    0.054542400   0.0024355824
    88    0.054926683   0.0024641505
    89    0.055193183   0.0024889345
    90    0.055502481   0.0025209015
    91    0.055877906   0.0025501073
    92    0.056231492   0.0025784968
    93    0.056598090   0.0026136883
    94    0.056954455   0.0026361289
    95    0.057296227   0.0026653647
    96    0.057673717   0.0026946533
    97    0.057980007   0.0027192369
    98    0.058407301   0.0027509422
    99    0.058653851   0.0027733250
   100    0.058923866   0.0028015018
