     1   0.0033479678 2.2270790E-005
     2   0.0056786433 5.3087877E-005
     3   0.0074482274 8.0541558E-005
     4   0.0090314292  0.00010841264
     5    0.010400695  0.00013621117
     6    0.011732212  0.00016509738
     7    0.012897638  0.00019250140
     8    0.014076104  0.00022265850
     9    0.015127259  0.00025159316
    10    0.016117106  0.00028192702
    11    0.017010342  0.00030790933
    12    0.017974983  0.00033731736
    13    0.018868835  0.00036513654
    14    0.019699440  0.00039323372
    15    0.020491600  0.00042223974
    16    0.021286778  0.00044978575
    17    0.021918548  0.00047573700
    18    0.022770995  0.00050645947
    19    0.023427088  0.00053348080
    20    0.024203170  0.00056230365
    21    0.024878380  0.00059155172
    22    0.025616393  0.00062242896
    23    0.026217125  0.00065105764
    24    0.026893698  0.00067690087
    25    0.027485505  0.00070467809
    26    0.028181639  0.00073583552
    27    0.028693243  0.00076351856
    28    0.029431609  0.00079394643
    29    0.030043812  0.00082243820
    30    0.030587124  0.00084881771
    31    0.031082560  0.00087436500
    32    0.031643498  0.00089668042
    33    0.032092445  0.00092065153
    34    0.032569708  0.00094506478
    35    0.033094436  0.00097484569
    36    0.033667312   0.0010018084
    37    0.034158298   0.0010241950
    38    0.034661720   0.0010533659
    39    0.035216405   0.0010853470
    40    0.035796166   0.0011142589
    41    0.036248470   0.0011439686
    42    0.036769398   0.0011724739
    43    0.037274448   0.0012057686
    44    0.037758209   0.0012329338
    45    0.038216541   0.0012620770
    46    0.038651157   0.0012910061
    47    0.039155807   0.0013194107
    48    0.039665345   0.0013465382
    49    0.040041152   0.0013788052
    50    0.040556131   0.0014076637
    51    0.040959218   0.0014325250
    52    0.041459184   0.0014583906
    53    0.041842105   0.0014814427
    54    0.042276485   0.0015116920
    55    0.042733557   0.0015392841
    56    0.043139268   0.0015662799
    57    0.043540736   0.0015950932
    58    0.044013898   0.0016217476
    59    0.044408607   0.0016498496
    60    0.044752977   0.0016792170
    61    0.045190711   0.0017056735
    62    0.045610656   0.0017333579
    63    0.045940260   0.0017613989
    64    0.046360259   0.0017885289
    65    0.046745018   0.0018132995
    66    0.047133469   0.0018374260
    67    0.047562411   0.0018711575
    68    0.047988505   0.0018980782
    69    0.048256624   0.0019285875
    70    0.048680021   0.0019546797
    71    0.048976284   0.0019831407
    72    0.049351762   0.0020120868
    73    0.049748598   0.0020413412
    74    0.050097637   0.0020684043
    75    0.050459563   0.0020932700
    76    0.050839462   0.0021247546
    77    0.051190479   0.0021581825
    78    0.051656884   0.0021899183
    79    0.052002898   0.0022178037
    80    0.052235870   0.0022429505
    81    0.052600221   0.0022718644
    82    0.052951696   0.0023045288
    83    0.053385470   0.0023351952
    84    0.053686913   0.0023556164
    85    0.053930886   0.0023783253
    86    0.054259640   0.0024027336
    87    0.054545523   0.0024274897
    88    0.054912565   0.0024583698
    89    0.055280119   0.0024875769
    90    0.055576925   0.0025118094
    91    0.055978166   0.0025417136
    92    0.056216986   0.0025739151
    93    0.056497448   0.0026020310
    94    0.056841749   0.0026322532
    95    0.057138150   0.0026642388
    96    0.057531157   0.0026938785
    97    0.057748293   0.0027171716
    98    0.058087340   0.0027436078
    99    0.058449918   0.0027700749
   100    0.058759581   0.0028040132
   101    0.059100858   0.0028334478
   102    0.059406701   0.0028587243
   103    0.059797774   0.0028899823
   104    0.060184614   0.0029188388
   105    0.060484807   0.0029481328
   106    0.060856367   0.0029815973
   107    0.061117472   0.0030071183
   108    0.061484092   0.0030379052
   109    0.061736370   0.0030555396
   110    0.062001464   0.0030876461
   111    0.062263470   0.0031210666
   112    0.062531598   0.0031515152
   113    0.062834743   0.0031834708
   114    0.063236492   0.0032067015
   115    0.063400587   0.0032351208
   116    0.063768071   0.0032602638
   117    0.064143350   0.0032867134
   118    0.064379473   0.0033194090
   119    0.064707412   0.0033434312
   120    0.064948209   0.0033734533
   121    0.065217691   0.0034024564
   122    0.065577784   0.0034359185
   123    0.065900454   0.0034669925
   124    0.066174474   0.0035014778
   125    0.066538753   0.0035322199
   126    0.066760221   0.0035587741
   127    0.066966908   0.0035879081
   128    0.067274994   0.0036157004
   129    0.067630568   0.0036436123
   130    0.067888940   0.0036706187
   131    0.068067595   0.0036969052
   132    0.068320544   0.0037177009
   133    0.068581128   0.0037465421
   134    0.068871999   0.0037714860
   135    0.069154626   0.0037982886
   136    0.069366074   0.0038202921
   137    0.069661681   0.0038433661
   138    0.069935963   0.0038724753
   139    0.070136131   0.0038984857
   140    0.070407678   0.0039294896
   141    0.070690641   0.0039612663
   142    0.070911653   0.0039966331
   143    0.071231286   0.0040200506
   144    0.071450089   0.0040481786
   145    0.071639671   0.0040823425
   146    0.071935427   0.0041062326
   147    0.072174834   0.0041346889
   148    0.072412414   0.0041651181
   149    0.072649114   0.0041926069
   150    0.073068289   0.0042171815
   151    0.073271532   0.0042463855
   152    0.073482577   0.0042763630
   153    0.073745584   0.0043073839
   154    0.074025759   0.0043292190
   155    0.074259097   0.0043551399
   156    0.074478701   0.0043861093
   157    0.074774592   0.0044097755
   158    0.074875863   0.0044375493
   159    0.075205979   0.0044666596
   160    0.075511468   0.0044951905
   161    0.075778285   0.0045217497
   162    0.076082998   0.0045516498
   163    0.076322442   0.0045776934
   164    0.076596856   0.0046063322
   165    0.076839364   0.0046425140
   166    0.077114826   0.0046710174
   167    0.077310995   0.0047026704
   168    0.077607703   0.0047297818
   169    0.077921271   0.0047625723
   170    0.078149585   0.0047909032
   171    0.078380521   0.0048172926
   172    0.078574711   0.0048415529
   173    0.078808397   0.0048752614
   174    0.079086509   0.0049098764
   175    0.079295798   0.0049384475
   176    0.079549752   0.0049657998
   177    0.079753970   0.0049956877
   178    0.079987291   0.0050297929
   179    0.080284146   0.0050677184
   180    0.080494910   0.0050956804
   181    0.080733267   0.0051281320
   182    0.080994483   0.0051514079
   183    0.081311895   0.0051777571
   184    0.081525782   0.0052047264
   185    0.081749847   0.0052350216
   186    0.082028657   0.0052575155
   187    0.082250463   0.0052830512
   188    0.082414436   0.0053077922
   189    0.082568207   0.0053293739
   190    0.082855332   0.0053578067
   191    0.083113686   0.0053827895
   192    0.083347538   0.0054098630
   193    0.083509356   0.0054356516
   194    0.083798596   0.0054638444
   195    0.083930864   0.0054926018
   196    0.084070882   0.0055256890
   197    0.084362651   0.0055539939
   198    0.084580055   0.0055753230
   199    0.084821119   0.0056016474
   200    0.085072174   0.0056266997
   201    0.085215270   0.0056561463
   202    0.085473029   0.0056821240
   203    0.085759534   0.0057074090
   204    0.085986230   0.0057338124
   205    0.086226909   0.0057577862
   206    0.086354091   0.0057813162
   207    0.086514580   0.0057996545
   208    0.086645591   0.0058227325
   209    0.086855987   0.0058484591
   210    0.087003906   0.0058837725
   211    0.087267855   0.0059112967
   212    0.087478214   0.0059339490
   213    0.087731676   0.0059569035
   214    0.087925863   0.0059817118
   215    0.088055556   0.0060114194
   216    0.088224786   0.0060328766
   217    0.088474192   0.0060528781
   218    0.088688985   0.0060830799
   219    0.088907649   0.0061085586
   220    0.089160117   0.0061393543
   221    0.089336768   0.0061721776
   222    0.089580195   0.0061999174
   223    0.089758728   0.0062263030
   224    0.090031925   0.0062567084
   225    0.090286992   0.0062794789
   226    0.090445601   0.0063099079
   227    0.090778899   0.0063477969
   228    0.090875521   0.0063768606
   229    0.091102164   0.0064076934
   230    0.091319663   0.0064323222
   231    0.091513386   0.0064666914
   232    0.091701547   0.0064896296
   233    0.092059010   0.0065195003
   234    0.092239143   0.0065515085
   235    0.092460494   0.0065801743
   236    0.092697686   0.0066104673
   237    0.092884255   0.0066411197
   238    0.093078441   0.0066696768
   239    0.093273966   0.0066956538
   240    0.093371791   0.0067250576
   241    0.093598677   0.0067471678
   242    0.093861330   0.0067651848
   243    0.094028407   0.0067958532
   244    0.094156378   0.0068217325
   245    0.094372488   0.0068533216
   246    0.094610077   0.0068840938
   247    0.094784109   0.0069109041
   248    0.095038694   0.0069390473
   249    0.095270643   0.0069665754
   250    0.095453351   0.0069983377
   251    0.095668143   0.0070270165
   252    0.095847362   0.0070584915
   253    0.096091268   0.0070884517
   254    0.096241508   0.0071164906
   255    0.096501873   0.0071420920
   256    0.096686146   0.0071756292
   257    0.096888996   0.0072017882
   258    0.097099659   0.0072316628
   259    0.097307444   0.0072602389
   260    0.097520120   0.0072858562
   261    0.097587230   0.0073099695
   262    0.097743657   0.0073340148
   263    0.097980721   0.0073595430
   264    0.098227339   0.0073820542
   265    0.098387011   0.0074043149
   266    0.098647810   0.0074343426
   267    0.098780057   0.0074674163
   268    0.098964327   0.0074967414
   269    0.099140206   0.0075304507
   270    0.099356862   0.0075523933
   271    0.099530850   0.0075803036
   272    0.099735097   0.0076025862
   273    0.099887944   0.0076273859
   274     0.10006290   0.0076542083
   275     0.10030191   0.0076836102
   276     0.10043278   0.0077106307
   277     0.10061191   0.0077338491
   278     0.10074526   0.0077625307
   279     0.10099562   0.0077930182
   280     0.10115276   0.0078247845
   281     0.10132656   0.0078580988
   282     0.10156598   0.0078933452
   283     0.10180353   0.0079187665
   284     0.10196021   0.0079460934
   285     0.10204704   0.0079670463
   286     0.10230050   0.0080010435
   287     0.10245796   0.0080331903
   288     0.10262534   0.0080594988
   289     0.10281052   0.0080967032
   290     0.10306899   0.0081222966
   291     0.10322599   0.0081482608
   292     0.10337484   0.0081773949
   293     0.10357336   0.0082082508
   294     0.10378412   0.0082402865
   295     0.10403195   0.0082665589
   296     0.10425843   0.0083012399
   297     0.10444774   0.0083297669
   298     0.10469509   0.0083574810
   299     0.10477847   0.0083873233
   300     0.10508341   0.0084203562
   301     0.10525892   0.0084506036
   302     0.10540368   0.0084716629
   303     0.10564306   0.0085013590
   304     0.10578192   0.0085303752
   305     0.10600873   0.0085534609
   306     0.10612608   0.0085815259
   307     0.10624587   0.0086069248
   308     0.10640391   0.0086284233
   309     0.10651756   0.0086496368
   310     0.10678920   0.0086807587
   311     0.10700043   0.0087124297
   312     0.10718397   0.0087351727
   313     0.10747914   0.0087579397
   314     0.10760363   0.0087818352
   315     0.10773239   0.0088036694
   316     0.10789566   0.0088314636
   317     0.10802770   0.0088615440
   318     0.10823739   0.0088938578
   319     0.10837973   0.0089176721
   320     0.10854883   0.0089427575
   321     0.10864505   0.0089614476
   322     0.10890570   0.0089827215
   323     0.10907752   0.0090110448
   324     0.10919198   0.0090327631
   325     0.10942426   0.0090698256
   326     0.10954454   0.0090966643
   327     0.10962319   0.0091203095
   328     0.10974760   0.0091327543
   329     0.10992948   0.0091588878
   330     0.11008686   0.0091847756
   331     0.11020596   0.0092040320
   332     0.11043570   0.0092294180
   333     0.11046038   0.0092620890
   334     0.11074137   0.0092873282
   335     0.11091835   0.0093104347
   336     0.11113294   0.0093369252
   337     0.11124941   0.0093680921
   338     0.11144837   0.0093938516
   339     0.11166743   0.0094231563
   340     0.11179271   0.0094542251
   341     0.11199134   0.0094809909
   342     0.11224947   0.0095053192
   343     0.11242049   0.0095367375
   344     0.11255029   0.0095652776
   345     0.11275519   0.0095988208
   346     0.11287786   0.0096339900
   347     0.11303037   0.0096653962
   348     0.11328945   0.0096965983
   349     0.11339703   0.0097253036
   350     0.11353628   0.0097534238
   351     0.11367144   0.0097849521
   352     0.11387598   0.0098153552
   353     0.11408330   0.0098461404
   354     0.11426923   0.0098705179
   355     0.11434635   0.0098999517
   356     0.11448575   0.0099270319
   357     0.11466351   0.0099521987
   358     0.11483182   0.0099786312
   359     0.11490332    0.010002054
   360     0.11508184    0.010034388
   361     0.11525478    0.010066075
   362     0.11536477    0.010090665
   363     0.11554392    0.010116264
   364     0.11570876    0.010144466
   365     0.11590283    0.010176589
   366     0.11609173    0.010204979
   367     0.11619759    0.010236448
   368     0.11647459    0.010261127
   369     0.11656247    0.010288457
   370     0.11672750    0.010317026
   371     0.11686737    0.010343771
   372     0.11700812    0.010364721
   373     0.11720833    0.010394017
   374     0.11726738    0.010418403
   375     0.11751714    0.010445906
   376     0.11762919    0.010471885
   377     0.11774291    0.010493659
   378     0.11793219    0.010519217
   379     0.11803247    0.010550908
   380     0.11812504    0.010568015
   381     0.11842164    0.010592642
   382     0.11855841    0.010608396
   383     0.11865613    0.010633250
   384     0.11877096    0.010666309
   385     0.11893224    0.010691698
   386     0.11909986    0.010735049
   387     0.11927883    0.010759357
   388     0.11951707    0.010783424
   389     0.11965995    0.010819372
   390     0.11984275    0.010851773
   391     0.12001249    0.010878434
   392     0.12010792    0.010917768
   393     0.12029585    0.010939689
   394     0.12041834    0.010967484
   395     0.12068230    0.010992062
   396     0.12076961    0.011023080
   397     0.12104467    0.011047801
   398     0.12113167    0.011079651
   399     0.12138665    0.011107752
   400     0.12151208    0.011136873
   401     0.12173800    0.011170533
   402     0.12189820    0.011200211
   403     0.12199710    0.011227134
   404     0.12218442    0.011258404
   405     0.12230132    0.011285540
   406     0.12243061    0.011312079
   407     0.12262812    0.011339216
   408     0.12281136    0.011368858
   409     0.12286504    0.011394552
   410     0.12302121    0.011433365
   411     0.12310591    0.011469988
   412     0.12330940    0.011493893
   413     0.12352416    0.011526984
   414     0.12364765    0.011556173
   415     0.12375911    0.011583566
   416     0.12396074    0.011610752
   417     0.12414506    0.011639667
   418     0.12429778    0.011664445
   419     0.12441819    0.011694862
   420     0.12452616    0.011723492
   421     0.12478566    0.011752499
   422     0.12491209    0.011780481
   423     0.12501220    0.011806701
   424     0.12510822    0.011839703
   425     0.12528918    0.011861239
   426     0.12545293    0.011884136
   427     0.12559122    0.011915958
   428     0.12575005    0.011937896
   429     0.12582717    0.011962016
   430     0.12605043    0.011996832
   431     0.12615785    0.012024150
   432     0.12624198    0.012057095
   433     0.12645318    0.012094422
   434     0.12662893    0.012122455
   435     0.12676874    0.012148734
   436     0.12693517    0.012181394
   437     0.12701652    0.012207643
   438     0.12713454    0.012229633
   439     0.12728708    0.012267698
   440     0.12741659    0.012278952
   441     0.12755568    0.012309511
   442     0.12775087    0.012341776
   443     0.12789910    0.012374236
   444     0.12808244    0.012396625
   445     0.12823351    0.012419986
   446     0.12834963    0.012447498
   447     0.12847615    0.012471036
   448     0.12874486    0.012497184
   449     0.12895325    0.012523674
   450     0.12896889    0.012554996
   451     0.12920938    0.012579956
   452     0.12931856    0.012610330
   453     0.12947640    0.012637218
   454     0.12964890    0.012663184
   455     0.12978918    0.012687355
   456     0.12989815    0.012719245
   457     0.12997269    0.012741519
   458     0.13021362    0.012773692
   459     0.13037897    0.012809422
   460     0.13050266    0.012830071
   461     0.13068131    0.012848885
   462     0.13077712    0.012873204
   463     0.13091939    0.012907224
   464     0.13108444    0.012938464
   465     0.13125724    0.012967786
   466     0.13136895    0.012993706
   467     0.13150668    0.013016001
   468     0.13165199    0.013048103
   469     0.13185627    0.013072728
   470     0.13198976    0.013105481
   471     0.13207495    0.013129459
   472     0.13224651    0.013154099
   473     0.13231554    0.013185627
   474     0.13247071    0.013211281
   475     0.13264415    0.013238568
   476     0.13276350    0.013267139
   477     0.13288245    0.013294632
   478     0.13301750    0.013318178
   479     0.13322632    0.013340184
   480     0.13337302    0.013363122
   481     0.13340981    0.013394320
   482     0.13364232    0.013428637
   483     0.13378470    0.013451248
   484     0.13401391    0.013471925
   485     0.13410116    0.013491611
   486     0.13425871    0.013529458
   487     0.13435589    0.013563828
   488     0.13458545    0.013579348
   489     0.13478234    0.013619625
   490     0.13484633    0.013650116
   491     0.13505197    0.013680270
   492     0.13521379    0.013710055
   493     0.13540771    0.013736161
   494     0.13558248    0.013771187
   495     0.13573461    0.013803396
   496     0.13585427    0.013832737
   497     0.13603949    0.013856322
   498     0.13625980    0.013885754
   499     0.13632704    0.013922988
   500     0.13642527    0.013949066
   501     0.13647098    0.013980420
   502     0.13662572    0.014009647
   503     0.13689078    0.014028950
   504     0.13714031    0.014047682
   505     0.13721845    0.014074021
   506     0.13737047    0.014097491
   507     0.13754491    0.014122530
   508     0.13768713    0.014152868
   509     0.13779806    0.014178992
   510     0.13791479    0.014205080
   511     0.13810068    0.014231968
   512     0.13816585    0.014263536
   513     0.13827815    0.014287130
   514     0.13845553    0.014315086
   515     0.13868753    0.014330360
   516     0.13873952    0.014363389
   517     0.13888029    0.014390192
   518     0.13898976    0.014413866
   519     0.13903818    0.014442346
   520     0.13911597    0.014472514
   521     0.13922569    0.014498134
   522     0.13926042    0.014520950
   523     0.13931121    0.014541474
   524     0.13952238    0.014567659
   525     0.13969462    0.014590160
   526     0.13977005    0.014617965
   527     0.13991343    0.014646872
   528     0.14009822    0.014682463
   529     0.14019538    0.014706327
   530     0.14031038    0.014730778
   531     0.14054488    0.014755572
   532     0.14067485    0.014780882
   533     0.14072574    0.014806958
   534     0.14092444    0.014837110
   535     0.14099314    0.014875065
   536     0.14113496    0.014900303
   537     0.14133360    0.014930258
   538     0.14140021    0.014959154
   539     0.14156574    0.014985066
   540     0.14163424    0.015023449
   541     0.14180024    0.015061895
   542     0.14190595    0.015075170
   543     0.14213751    0.015102995
   544     0.14239137    0.015122676
   545     0.14246241    0.015157764
   546     0.14257359    0.015182211
   547     0.14267993    0.015215776
   548     0.14281295    0.015249542
   549     0.14303236    0.015266968
   550     0.14319249    0.015285682
   551     0.14330601    0.015304050
   552     0.14355150    0.015331509
   553     0.14369438    0.015370599
   554     0.14382229    0.015397899
   555     0.14396830    0.015428771
   556     0.14406827    0.015463679
   557     0.14421988    0.015493680
   558     0.14443021    0.015522080
   559     0.14452854    0.015547672
   560     0.14464980    0.015562483
   561     0.14477146    0.015579539
   562     0.14480510    0.015605477
   563     0.14490196    0.015632792
   564     0.14501859    0.015660888
   565     0.14514972    0.015687466
   566     0.14528888    0.015703442
   567     0.14543559    0.015737125
   568     0.14563883    0.015772581
   569     0.14567605    0.015810205
   570     0.14585591    0.015836275
   571     0.14589675    0.015863939
   572     0.14611333    0.015899241
   573     0.14615773    0.015934966
   574     0.14624320    0.015958261
   575     0.14635180    0.015991392
   576     0.14650979    0.016023418
   577     0.14664948    0.016047025
   578     0.14677044    0.016073957
   579     0.14686167    0.016106787
   580     0.14698198    0.016131339
   581     0.14716953    0.016162298
   582     0.14734022    0.016190481
   583     0.14748486    0.016214742
   584     0.14762213    0.016241361
   585     0.14779767    0.016273618
   586     0.14785911    0.016309626
   587     0.14801931    0.016328326
   588     0.14823074    0.016356928
   589     0.14829121    0.016391281
   590     0.14844179    0.016412506
   591     0.14859679    0.016439977
   592     0.14869883    0.016471125
   593     0.14894663    0.016497623
   594     0.14912028    0.016520042
   595     0.14923057    0.016548550
   596     0.14938051    0.016581376
   597     0.14949075    0.016607485
   598     0.14962070    0.016638435
   599     0.14962781    0.016661159
   600     0.14985878    0.016690747
   601     0.15002675    0.016719243
   602     0.15015366    0.016741946
   603     0.15018883    0.016765936
   604     0.15045050    0.016790833
   605     0.15056545    0.016820032
   606     0.15068544    0.016858603
   607     0.15087277    0.016885764
   608     0.15097667    0.016918026
   609     0.15103964    0.016942475
   610     0.15116298    0.016969942
   611     0.15129275    0.017000686
   612     0.15135251    0.017026439
   613     0.15143787    0.017052295
   614     0.15158961    0.017076094
   615     0.15178989    0.017104530
   616     0.15198925    0.017145017
   617     0.15210682    0.017166367
   618     0.15222494    0.017192037
   619     0.15230410    0.017217385
   620     0.15245220    0.017248038
   621     0.15253627    0.017268665
   622     0.15255710    0.017301603
   623     0.15266510    0.017322024
   624     0.15287220    0.017341733
   625     0.15293644    0.017372822
   626     0.15300615    0.017396948
   627     0.15320822    0.017430702
   628     0.15334298    0.017446761
   629     0.15346331    0.017471604
   630     0.15365908    0.017493136
   631     0.15371582    0.017518438
   632     0.15390427    0.017534211
   633     0.15393660    0.017571024
   634     0.15405779    0.017599236
   635     0.15418338    0.017632217
   636     0.15430664    0.017660216
   637     0.15439260    0.017688698
   638     0.15460003    0.017718838
   639     0.15468260    0.017752748
   640     0.15485148    0.017775183
   641     0.15500379    0.017801525
   642     0.15506734    0.017824567
   643     0.15512363    0.017857374
   644     0.15527720    0.017884880
   645     0.15549174    0.017901715
   646     0.15549330    0.017934416
   647     0.15555292    0.017960947
   648     0.15567265    0.017994124
   649     0.15589694    0.018019530
   650     0.15597886    0.018043032
   651     0.15615150    0.018061014
   652     0.15617259    0.018092952
   653     0.15629576    0.018120789
   654     0.15636814    0.018155797
   655     0.15653805    0.018179859
   656     0.15669183    0.018217646
   657     0.15680295    0.018246766
   658     0.15690668    0.018288003
   659     0.15702254    0.018315915
   660     0.15709478    0.018329040
   661     0.15722220    0.018355151
   662     0.15740230    0.018381458
   663     0.15749178    0.018406993
   664     0.15765860    0.018441975
   665     0.15768981    0.018467793
   666     0.15779447    0.018493143
   667     0.15791816    0.018518702
   668     0.15803468    0.018545544
   669     0.15818643    0.018567807
   670     0.15824138    0.018590115
   671     0.15846672    0.018619697
   672     0.15856969    0.018648954
   673     0.15863941    0.018679562
   674     0.15875071    0.018700994
   675     0.15891961    0.018723740
   676     0.15901340    0.018744671
   677     0.15917562    0.018778371
   678     0.15922044    0.018805442
   679     0.15937209    0.018832388
   680     0.15954540    0.018858425
   681     0.15971647    0.018886992
   682     0.15985115    0.018919706
   683     0.15995158    0.018937380
   684     0.16005930    0.018973349
   685     0.16035666    0.019004123
   686     0.16044233    0.019032862
   687     0.16048103    0.019065600
   688     0.16063848    0.019079341
   689     0.16079248    0.019107098
   690     0.16094732    0.019129415
   691     0.16102060    0.019147877
   692     0.16109454    0.019177713
   693     0.16117835    0.019202418
   694     0.16136864    0.019224070
   695     0.16149686    0.019251060
   696     0.16163541    0.019276579
   697     0.16170258    0.019299636
   698     0.16172659    0.019334152
   699     0.16188136    0.019370874
   700     0.16199591    0.019395822
   701     0.16201058    0.019417887
   702     0.16213772    0.019449184
   703     0.16230961    0.019469356
   704     0.16243143    0.019502799
   705     0.16259103    0.019526824
   706     0.16262507    0.019553583
   707     0.16279406    0.019572685
   708     0.16284820    0.019612972
   709     0.16314781    0.019637102
   710     0.16320345    0.019663708
   711     0.16323047    0.019697008
   712     0.16326153    0.019727170
   713     0.16335889    0.019756293
   714     0.16353643    0.019780550
   715     0.16364993    0.019800909
   716     0.16380578    0.019832669
   717     0.16381730    0.019867537
   718     0.16398375    0.019893191
   719     0.16419314    0.019911494
   720     0.16428981    0.019939598
   721     0.16447880    0.019987132
   722     0.16454868    0.020023485
   723     0.16475117    0.020051144
   724     0.16490078    0.020084229
   725     0.16497011    0.020105209
   726     0.16504733    0.020123593
   727     0.16509835    0.020143970
   728     0.16527685    0.020174738
   729     0.16535973    0.020208212
   730     0.16543776    0.020237452
   731     0.16544058    0.020256118
   732     0.16547430    0.020281942
   733     0.16559677    0.020310985
   734     0.16586383    0.020341622
   735     0.16596485    0.020354412
   736     0.16601294    0.020392290
   737     0.16617609    0.020404829
   738     0.16636852    0.020436583
   739     0.16643434    0.020477213
   740     0.16661909    0.020500985
   741     0.16672930    0.020524858
   742     0.16673546    0.020550729
   743     0.16690384    0.020566045
   744     0.16691498    0.020593368
   745     0.16701657    0.020608255
   746     0.16715522    0.020627179
   747     0.16733316    0.020647741
   748     0.16738509    0.020678863
   749     0.16753407    0.020711459
   750     0.16765204    0.020734794
   751     0.16777073    0.020762250
   752     0.16782649    0.020782837
   753     0.16795704    0.020803224
   754     0.16812757    0.020832597
   755     0.16815227    0.020863989
   756     0.16839595    0.020880856
   757     0.16846284    0.020910605
   758     0.16862535    0.020943923
   759     0.16868211    0.020968599
   760     0.16873472    0.020997310
   761     0.16887656    0.021025184
   762     0.16893701    0.021061065
   763     0.16905728    0.021094479
   764     0.16917841    0.021121879
   765     0.16918803    0.021146552
   766     0.16929562    0.021182250
   767     0.16945801    0.021214198
   768     0.16964533    0.021243033
   769     0.16984620    0.021273217
   770     0.17001510    0.021294937
   771     0.17009150    0.021311171
   772     0.17035621    0.021343630
   773     0.17045037    0.021374452
   774     0.17047831    0.021388701
   775     0.17067852    0.021411137
   776     0.17084265    0.021435174
   777     0.17081425    0.021470402
   778     0.17097720    0.021496579
   779     0.17110430    0.021531786
   780     0.17116341    0.021559311
   781     0.17133481    0.021585561
   782     0.17138193    0.021614957
   783     0.17151417    0.021627775
   784     0.17160117    0.021651908
   785     0.17166257    0.021684300
   786     0.17178452    0.021715708
   787     0.17195241    0.021738192
   788     0.17197804    0.021773546
   789     0.17207618    0.021803233
   790     0.17221779    0.021829815
   791     0.17232846    0.021853235
   792     0.17247024    0.021875388
   793     0.17254258    0.021894751
   794     0.17257880    0.021917746
   795     0.17271173    0.021949119
   796     0.17273964    0.021967594
   797     0.17286464    0.021992290
   798     0.17292304    0.022024048
   799     0.17303356    0.022060533
   800     0.17305363    0.022089547
   801     0.17327701    0.022104082
   802     0.17336548    0.022126781
   803     0.17357587    0.022149616
   804     0.17370548    0.022179695
   805     0.17375758    0.022208389
   806     0.17375943    0.022247016
   807     0.17384928    0.022269501
   808     0.17398740    0.022288842
   809     0.17422413    0.022316201
   810     0.17434670    0.022346672
   811     0.17450258    0.022380004
   812     0.17463608    0.022394808
   813     0.17476036    0.022414302
   814     0.17488947    0.022443618
   815     0.17494399    0.022465224
   816     0.17508540    0.022484651
   817     0.17517759    0.022509033
   818     0.17524013    0.022534587
   819     0.17530514    0.022558017
   820     0.17536482    0.022580103
   821     0.17557947    0.022614242
   822     0.17562335    0.022638166
   823     0.17560958    0.022668562
   824     0.17567354    0.022695222
   825     0.17583073    0.022718448
   826     0.17594350    0.022725427
   827     0.17606786    0.022752570
   828     0.17616328    0.022776125
   829     0.17633390    0.022807616
   830     0.17648858    0.022832271
   831     0.17666300    0.022856506
   832     0.17679802    0.022879553
   833     0.17684801    0.022915236
   834     0.17698364    0.022938293
   835     0.17710993    0.022964843
   836     0.17728986    0.022991159
   837     0.17744577    0.023011763
   838     0.17761322    0.023030630
   839     0.17767718    0.023062581
   840     0.17772700    0.023081130
   841     0.17776956    0.023111447
   842     0.17787345    0.023138839
   843     0.17792026    0.023175186
   844     0.17806752    0.023191918
   845     0.17814641    0.023210794
   846     0.17827071    0.023238642
   847     0.17836874    0.023259341
   848     0.17853419    0.023283378
   849     0.17867024    0.023311482
   850     0.17877208    0.023327137
   851     0.17891280    0.023351585
   852     0.17903758    0.023357432
   853     0.17916335    0.023381675
   854     0.17925573    0.023398496
   855     0.17930146    0.023422781
   856     0.17946740    0.023439427
   857     0.17953100    0.023462149
   858     0.17968145    0.023491739
   859     0.17976919    0.023508314
   860     0.17988049    0.023537928
   861     0.17991499    0.023561792
   862     0.18005323    0.023590236
   863     0.18011663    0.023619192
   864     0.18019068    0.023637355
   865     0.18026114    0.023672291
   866     0.18029121    0.023703813
   867     0.18037847    0.023709272
   868     0.18042525    0.023730644
   869     0.18061468    0.023753853
   870     0.18064900    0.023772193
   871     0.18065265    0.023797170
   872     0.18085277    0.023831640
   873     0.18089203    0.023862740
   874     0.18099787    0.023889947
   875     0.18118678    0.023920044
   876     0.18132837    0.023959150
   877     0.18148825    0.023980068
   878     0.18163881    0.024004294
   879     0.18172108    0.024034717
   880     0.18187470    0.024049443
   881     0.18211363    0.024066997
   882     0.18217840    0.024091353
   883     0.18234296    0.024113319
   884     0.18245793    0.024148974
   885     0.18256233    0.024168626
   886     0.18265904    0.024198383
   887     0.18274882    0.024231266
   888     0.18278618    0.024270323
   889     0.18305181    0.024305843
   890     0.18308945    0.024335106
   891     0.18330393    0.024367182
   892     0.18335180    0.024396724
   893     0.18343822    0.024412639
   894     0.18358181    0.024434247
   895     0.18360210    0.024466336
   896     0.18373163    0.024491876
   897     0.18375740    0.024524381
   898     0.18397337    0.024539959
   899     0.18398745    0.024561426
   900     0.18403672    0.024591360
   901     0.18401514    0.024616276
   902     0.18419423    0.024637734
   903     0.18419053    0.024678946
   904     0.18438153    0.024709798
   905     0.18444174    0.024740114
   906     0.18453799    0.024759112
   907     0.18458247    0.024783718
   908     0.18477087    0.024816962
   909     0.18490136    0.024844284
   910     0.18503146    0.024864032
   911     0.18510266    0.024880776
   912     0.18518673    0.024908790
   913     0.18527637    0.024945156
   914     0.18549728    0.024968612
   915     0.18559225    0.024996115
   916     0.18566537    0.025029211
   917     0.18576239    0.025051749
   918     0.18577272    0.025081084
   919     0.18584251    0.025116078
   920     0.18595984    0.025132298
   921     0.18602923    0.025161600
   922     0.18612031    0.025192776
   923     0.18618410    0.025202994
   924     0.18625453    0.025216664
   925     0.18632102    0.025237942
   926     0.18642772    0.025265234
   927     0.18644875    0.025287666
   928     0.18665707    0.025321121
   929     0.18670550    0.025346674
   930     0.18675405    0.025363119
   931     0.18691792    0.025380584
   932     0.18703222    0.025409407
   933     0.18716131    0.025438200
   934     0.18716111    0.025464717
   935     0.18728412    0.025476114
   936     0.18738305    0.025501027
   937     0.18749253    0.025521385
   938     0.18762539    0.025541900
   939     0.18775400    0.025571381
   940     0.18788946    0.025596827
   941     0.18793357    0.025626300
   942     0.18805812    0.025648487
   943     0.18817882    0.025674758
   944     0.18834050    0.025692390
   945     0.18841279    0.025720632
   946     0.18846373    0.025741130
   947     0.18856978    0.025762751
   948     0.18868860    0.025792561
   949     0.18874884    0.025822446
   950     0.18876632    0.025843880
   951     0.18884332    0.025864288
   952     0.18898109    0.025891600
   953     0.18905780    0.025904088
   954     0.18928583    0.025920470
   955     0.18930781    0.025949055
   956     0.18950354    0.025960724
   957     0.18966232    0.025985944
   958     0.18975825    0.026021827
   959     0.18981609    0.026053978
   960     0.18985090    0.026077842
   961     0.18992826    0.026111960
   962     0.19001925    0.026122914
   963     0.19010286    0.026150890
   964     0.19029197    0.026178359
   965     0.19040271    0.026196725
   966     0.19049903    0.026229190
   967     0.19054394    0.026268241
   968     0.19060825    0.026297459
   969     0.19079687    0.026333599
   970     0.19083239    0.026349460
   971     0.19105702    0.026375555
   972     0.19107848    0.026399737
   973     0.19126253    0.026415871
   974     0.19127582    0.026438302
   975     0.19136668    0.026461428
   976     0.19144624    0.026493758
   977     0.19162560    0.026516555
   978     0.19156406    0.026537610
   979     0.19173186    0.026560886
   980     0.19178643    0.026582064
   981     0.19197682    0.026604427
   982     0.19200256    0.026621847
   983     0.19221306    0.026637942
   984     0.19235994    0.026653532
   985     0.19237017    0.026685956
   986     0.19247392    0.026712079
   987     0.19254620    0.026735498
   988     0.19264967    0.026765996
   989     0.19266671    0.026783302
   990     0.19272411    0.026807752
   991     0.19282611    0.026827393
   992     0.19276721    0.026850591
   993     0.19288152    0.026881286
   994     0.19284732    0.026916227
   995     0.19292190    0.026931424
   996     0.19305241    0.026961553
   997     0.19309448    0.026992586
   998     0.19328236    0.027009996
   999     0.19337961    0.027037485
  1000     0.19347999    0.027065770
