     1   0.0026643197 2.6456027E-005
     2   0.0046941972 5.2957198E-005
     3   0.0064086715 7.9663094E-005
     4   0.0079090298  0.00010782979
     5   0.0092211068  0.00013540525
     6    0.010456378  0.00016343228
     7    0.011666490  0.00019147898
     8    0.012644950  0.00021646068
     9    0.013684614  0.00024336543
    10    0.014631971  0.00026726878
    11    0.015602474  0.00029429335
    12    0.016476051  0.00031999872
    13    0.017337840  0.00034880061
    14    0.018150985  0.00037503456
    15    0.018929662  0.00040231454
    16    0.019742504  0.00043109942
    17    0.020580783  0.00046238916
    18    0.021342223  0.00049236596
    19    0.022066278  0.00051820023
    20    0.022703598  0.00054709703
    21    0.023394634  0.00057133436
    22    0.024060622  0.00059902844
    23    0.024687617  0.00062708993
    24    0.025341201  0.00065488133
    25    0.025970037  0.00068262046
    26    0.026590753  0.00071180977
    27    0.027177470  0.00073986250
    28    0.027767478  0.00076606167
    29    0.028349842  0.00079254672
    30    0.028965156  0.00081933008
    31    0.029488558  0.00084658143
    32    0.030039265  0.00087634722
    33    0.030492162  0.00090089250
    34    0.031030786  0.00092665543
    35    0.031587551  0.00095529190
    36    0.032113299  0.00098431989
    37    0.032606582   0.0010127962
    38    0.033210685   0.0010402778
    39    0.033744913   0.0010673632
    40    0.034202165   0.0010983018
    41    0.034643279   0.0011230647
    42    0.035150406   0.0011524688
    43    0.035680894   0.0011841857
    44    0.036105806   0.0012147049
    45    0.036573024   0.0012427697
    46    0.037085130   0.0012700367
    47    0.037510282   0.0012966162
    48    0.037948004   0.0013222343
    49    0.038284755   0.0013460943
    50    0.038751272   0.0013733991
    51    0.039219806   0.0013968204
    52    0.039629736   0.0014249876
    53    0.040085840   0.0014517540
    54    0.040489644   0.0014751811
    55    0.040931484   0.0015017994
    56    0.041343584   0.0015267027
    57    0.041663557   0.0015544687
    58    0.042071525   0.0015851322
    59    0.042489776   0.0016099196
    60    0.042936362   0.0016385329
    61    0.043335293   0.0016661378
    62    0.043731541   0.0016949566
    63    0.044105000   0.0017246931
    64    0.044576235   0.0017513865
    65    0.044928361   0.0017797080
    66    0.045321759   0.0018061101
    67    0.045718999   0.0018380738
    68    0.046181428   0.0018678595
    69    0.046587263   0.0018949223
    70    0.046871738   0.0019232286
    71    0.047286846   0.0019500782
    72    0.047752554   0.0019799159
    73    0.048037554   0.0020062838
    74    0.048391309   0.0020353255
    75    0.048827899   0.0020620329
    76    0.049147835   0.0020893645
    77    0.049504668   0.0021158922
    78    0.049818730   0.0021404569
    79    0.050175706   0.0021647614
    80    0.050552490   0.0021916941
    81    0.050890795   0.0022183709
    82    0.051138223   0.0022448462
    83    0.051551019   0.0022715545
    84    0.051866202   0.0022969713
    85    0.052124897   0.0023254237
    86    0.052449541   0.0023531496
    87    0.052724542   0.0023788194
    88    0.053053862   0.0024060033
    89    0.053421273   0.0024331501
    90    0.053726429   0.0024546998
    91    0.054047774   0.0024890270
    92    0.054506260   0.0025187193
    93    0.054834213   0.0025515361
    94    0.055187593   0.0025766952
    95    0.055557697   0.0026014935
    96    0.055858527   0.0026280386
    97    0.056171908   0.0026547673
    98    0.056461909   0.0026836742
    99    0.056750813   0.0027129620
   100    0.057095588   0.0027445551
