     1    0.033479678   0.0022270790
     2    0.056786433   0.0053087877
     3    0.074482274   0.0080541558
     4    0.090314292    0.010841264
     5     0.10400695    0.013621117
     6     0.11732212    0.016509738
     7     0.12897638    0.019250140
     8     0.14076104    0.022265850
     9     0.15127259    0.025159316
    10     0.16081539    0.027906184
    11     0.16958826    0.030374320
    12     0.17861389    0.032847760
    13     0.18674759    0.035044123
    14     0.19411178    0.037107331
    15     0.20088317    0.039100272
    16     0.20691643    0.040516035
    17     0.21156249    0.041970018
    18     0.21797564    0.043470932
    19     0.22284531    0.044721600
    20     0.22793399    0.045952041
    21     0.23216116    0.046945795
    22     0.23640102    0.048004275
    23     0.24021747    0.049112188
    24     0.24346668    0.049447221
    25     0.24685058    0.050515618
    26     0.25028501    0.051005095
    27     0.25271049    0.051640785
    28     0.25600604    0.052246333
    29     0.25875104    0.053139612
    30     0.26078593    0.053151358
    31     0.26288802    0.053836552
    32     0.26417561    0.053930390
    33     0.26763424    0.054942387
    34     0.27012788    0.055391045
    35     0.27207783    0.055876267
    36     0.27347550    0.055957125
    37     0.27557134    0.056434308
    38     0.27689208    0.056611469
    39     0.27810107    0.056715078
    40     0.27909526    0.056959605
    41     0.28049054    0.057088672
    42     0.28134811    0.057053973
    43     0.28261970    0.057472013
    44     0.28368138    0.057541288
    45     0.28381435    0.057343441
    46     0.28496135    0.057372795
    47     0.28642748    0.057837058
    48     0.28681121    0.058031060
    49     0.28751925    0.058188534
    50     0.28786590    0.058163875
    51     0.28906043    0.058369551
    52     0.28935846    0.058487938
    53     0.29036916    0.058809267
    54     0.29064208    0.058525438
    55     0.29173285    0.058970415
    56     0.29179104    0.058788208
    57     0.29286634    0.058857200
    58     0.29293314    0.058984922
    59     0.29350605    0.059206384
    60     0.29360395    0.058975358
    61     0.29416660    0.059440611
    62     0.29434163    0.059306254
    63     0.29416608    0.059039467
    64     0.29467786    0.059114064
    65     0.29424265    0.058831014
    66     0.29397481    0.058565250
    67     0.29509002    0.059045815
    68     0.29571542    0.059118619
    69     0.29650440    0.059390015
    70     0.29783917    0.059723699
    71     0.29800226    0.059755170
    72     0.29812661    0.059461053
    73     0.29856169    0.059676937
    74     0.29789650    0.059505863
    75     0.29808929    0.059638091
    76     0.29763849    0.059588728
    77     0.29777652    0.059728751
    78     0.29786268    0.059494642
    79     0.29812655    0.059683514
    80     0.29839774    0.059770690
    81     0.29878987    0.059761468
    82     0.29847135    0.059646844
    83     0.29897551    0.059686473
    84     0.30020506    0.060198058
    85     0.30027136    0.060316025
    86     0.29920145    0.059876283
    87     0.29805460    0.059771689
    88     0.29807773    0.059605261
    89     0.29764895    0.059371555
    90     0.29869415    0.059759868
    91     0.29785906    0.059588456
    92     0.29854709    0.059623500
    93     0.29873602    0.059662254
    94     0.29913997    0.059696064
    95     0.29900632    0.059782440
    96     0.29850255    0.059647867
    97     0.30009134    0.060096082
    98     0.29904535    0.059805607
    99     0.29879059    0.059784341
   100     0.29902072    0.059765435
   101     0.29851525    0.059471384
   102     0.29917697    0.059827797
   103     0.29928633    0.059653971
   104     0.29994895    0.060045580
   105     0.29906483    0.059835743
   106     0.29910017    0.059681152
   107     0.29903070    0.059742224
   108     0.30002379    0.059980788
   109     0.30003472    0.060076209
   110     0.29966283    0.059919147
   111     0.29932562    0.059878156
   112     0.29985610    0.059999069
   113     0.29945070    0.059811626
   114     0.29940226    0.059948953
   115     0.29918843    0.059787168
   116     0.29893111    0.059558739
   117     0.29834891    0.059502311
   118     0.29873581    0.059611516
   119     0.29939760    0.059707147
   120     0.29909158    0.059810783
   121     0.29950933    0.059787863
   122     0.29988717    0.060185614
   123     0.29941318    0.059947150
   124     0.29922112    0.059559843
   125     0.29945066    0.059503109
   126     0.29945519    0.059732746
   127     0.29939927    0.059929040
   128     0.29881527    0.059791586
   129     0.29885241    0.059629387
   130     0.29928118    0.059790008
   131     0.29870040    0.059665788
   132     0.29907211    0.059690628
   133     0.29936279    0.059746531
   134     0.29847285    0.059358959
   135     0.29887369    0.059562580
   136     0.29912231    0.059814223
   137     0.30039438    0.059960772
   138     0.29963561    0.059832611
   139     0.29940750    0.060078953
   140     0.30007290    0.060200483
   141     0.30009503    0.060133758
   142     0.29921141    0.060224639
   143     0.29950453    0.060320253
   144     0.30010423    0.060298958
   145     0.30008043    0.060168534
   146     0.30110772    0.060669254
   147     0.30125488    0.060424865
   148     0.30059819    0.060296184
   149     0.30076578    0.060656526
   150     0.30045043    0.060506936
   151     0.30032470    0.060369468
   152     0.30020215    0.060251826
   153     0.30110051    0.060372012
   154     0.30078872    0.060577776
   155     0.30047437    0.060267609
   156     0.30057195    0.060248005
   157     0.30069178    0.060598397
   158     0.29940813    0.059913792
   159     0.30056351    0.060322422
   160     0.29965510    0.060112111
   161     0.29979962    0.060201435
   162     0.29913468    0.060021658
   163     0.29952926    0.060170195
   164     0.29940525    0.060258709
   165     0.29970797    0.060029118
   166     0.29966784    0.059694011
   167     0.30008387    0.059941650
   168     0.30056065    0.060277099
   169     0.30004189    0.059956834
   170     0.30084632    0.060146525
   171     0.30075806    0.060170852
   172     0.30072247    0.060326867
   173     0.30038741    0.060347425
   174     0.30069084    0.060254895
   175     0.30095028    0.060211081
   176     0.30050146    0.060265066
   177     0.30069717    0.060035650
   178     0.30052357    0.060183796
   179     0.29939959    0.060056030
   180     0.29928510    0.059736873
   181     0.29940989    0.060010944
   182     0.30006734    0.060167624
   183     0.30016039    0.059927435
   184     0.30031162    0.060070793
   185     0.30013112    0.059934423
   186     0.29944499    0.059817590
   187     0.29934424    0.059544885
   188     0.29903431    0.059342974
   189     0.29999819    0.059911052
   190     0.30053321    0.059873850
   191     0.29999274    0.059763105
   192     0.30005077    0.059807055
   193     0.29980207    0.059636962
   194     0.29949853    0.059696685
   195     0.29886234    0.059662125
   196     0.29971431    0.059755168
   197     0.29960697    0.059646849
   198     0.29902685    0.059596877
   199     0.29832396    0.059594105
   200     0.29946706    0.060014317
