     1    0.033359989   0.0022231100
     2    0.056932761   0.0052834104
     3    0.075043595   0.0080967235
     4    0.091877709    0.011134576
     5     0.10581708    0.014051568
     6     0.11867812    0.016841139
     7     0.13030213    0.019792938
     8     0.14170111    0.022407109
     9     0.15077290    0.024890692
    10     0.16087182    0.027514971
    11     0.17055345    0.030191233
    12     0.17875570    0.032259357
    13     0.18685048    0.034737859
    14     0.19464052    0.036802551
    15     0.20156638    0.038965721
    16     0.20795613    0.040674255
    17     0.21456362    0.042598627
    18     0.21940102    0.043720116
    19     0.22480280    0.045420959
    20     0.22924872    0.046512177
    21     0.23420956    0.047659366
    22     0.23688499    0.048167381
    23     0.24070677    0.048943833
    24     0.24422534    0.049723893
    25     0.24759398    0.050536975
    26     0.25089541    0.051163350
    27     0.25364778    0.052006069
    28     0.25699592    0.052546819
    29     0.25938511    0.053191243
    30     0.26210659    0.053789563
    31     0.26389068    0.054367679
    32     0.26538167    0.054476355
    33     0.26751477    0.054757368
    34     0.26884441    0.054892940
    35     0.27082539    0.055180887
    36     0.27321418    0.055880743
    37     0.27382421    0.055895958
    38     0.27443416    0.055746185
    39     0.27572072    0.055869435
    40     0.27779633    0.056515867
    41     0.27994992    0.056998034
    42     0.28131652    0.057352493
    43     0.28204773    0.057474447
    44     0.28342041    0.057465018
    45     0.28455130    0.057985778
    46     0.28492132    0.057670052
    47     0.28657080    0.058259388
    48     0.28661533    0.058126675
    49     0.28717177    0.058157097
    50     0.28732611    0.057987065
    51     0.28837758    0.058110439
    52     0.28931902    0.058295424
    53     0.28839772    0.057921905
    54     0.28930285    0.058175391
    55     0.28998373    0.058229666
    56     0.29151175    0.058757580
    57     0.29109789    0.058812507
    58     0.29227441    0.058929988
    59     0.29159012    0.058679977
    60     0.29296701    0.058803601
    61     0.29386739    0.058926487
    62     0.29439369    0.059057428
    63     0.29531422    0.059307261
    64     0.29541429    0.059207494
    65     0.29585785    0.059427215
    66     0.29645357    0.059342753
    67     0.29617208    0.059489958
    68     0.29663645    0.059687114
    69     0.29647906    0.059525894
    70     0.29761843    0.059832234
    71     0.29679990    0.059521456
    72     0.29744261    0.059704532
    73     0.29709390    0.059566164
    74     0.29684162    0.059541727
    75     0.29681899    0.059323657
    76     0.29746728    0.059524591
    77     0.29778759    0.059543053
    78     0.29778508    0.059821354
    79     0.29910552    0.059878831
    80     0.29816139    0.059826732
    81     0.29793797    0.059747313
    82     0.29899703    0.060006878
    83     0.29849526    0.059974093
    84     0.29852882    0.059910152
    85     0.29893414    0.060092241
    86     0.30002022    0.060278896
    87     0.29961650    0.060142060
    88     0.29926394    0.059947458
    89     0.29984439    0.060162356
    90     0.30002193    0.060248533
    91     0.29991403    0.060140284
    92     0.30069318    0.060302466
    93     0.30026704    0.060416214
    94     0.29959720    0.060228704
    95     0.29901322    0.059907671
    96     0.29839017    0.059661173
    97     0.29866815    0.059907369
    98     0.29915977    0.059973357
    99     0.29910364    0.059845665
   100     0.29946132    0.060109088
   101     0.29986873    0.060207458
   102     0.30018068    0.060147617
   103     0.29981386    0.059734987
   104     0.30007832    0.059646078
   105     0.30090256    0.060053048
   106     0.30097654    0.060210176
   107     0.30023261    0.060081724
   108     0.30020169    0.059968161
   109     0.29970373    0.059958653
   110     0.29963506    0.060135132
   111     0.29968575    0.060076374
   112     0.29954762    0.059839372
   113     0.29897728    0.059729065
   114     0.29878215    0.059465343
   115     0.29913257    0.059582588
   116     0.29958642    0.059652643
   117     0.29994194    0.059848303
   118     0.29981259    0.059855317
   119     0.30001276    0.060059226
   120     0.29915245    0.059634197
   121     0.29895396    0.059489395
   122     0.29834883    0.059393792
   123     0.29962415    0.059768875
   124     0.29896860    0.059650816
   125     0.29939504    0.059774415
   126     0.29977781    0.059978096
   127     0.29977593    0.060050411
   128     0.29991448    0.059846597
   129     0.29885500    0.059739748
   130     0.29869649    0.059662075
   131     0.29894892    0.059546693
   132     0.29946142    0.059586073
   133     0.29977450    0.059917023
   134     0.29871944    0.059664978
   135     0.29911014    0.059480185
   136     0.30008367    0.059770442
   137     0.29934212    0.059628217
   138     0.29985502    0.059792657
   139     0.30002718    0.059621502
   140     0.29953119    0.059668354
   141     0.30016139    0.060021553
   142     0.29945504    0.059969830
   143     0.30091378    0.060208626
   144     0.30142914    0.060436532
   145     0.30060994    0.060275105
   146     0.30008546    0.059907077
   147     0.30021992    0.060109183
   148     0.29919650    0.059954634
   149     0.29983249    0.060261074
   150     0.29971359    0.060283224
   151     0.30018638    0.060194385
   152     0.30025551    0.060107615
   153     0.30034105    0.060031436
   154     0.29949286    0.059831240
   155     0.30002002    0.059992537
   156     0.30058940    0.060183386
   157     0.30053144    0.059985886
   158     0.29996908    0.059889246
   159     0.29976221    0.059873060
   160     0.30112997    0.059907925
   161     0.30064187    0.059849455
   162     0.30067707    0.060128240
   163     0.30038480    0.059891310
   164     0.30041577    0.060023612
   165     0.30066265    0.060070909
   166     0.30040304    0.059975510
   167     0.30056557    0.059961673
   168     0.30006191    0.059561880
   169     0.30041245    0.059856835
   170     0.30030148    0.059817932
   171     0.30053524    0.059771645
   172     0.30069554    0.059932498
   173     0.30050150    0.060065469
   174     0.30047013    0.059894904
   175     0.30003809    0.059700200
   176     0.30052840    0.059763848
   177     0.29946759    0.059694036
   178     0.29953973    0.059805752
   179     0.29946518    0.059188093
   180     0.29933896    0.059411487
   181     0.29973455    0.059512913
   182     0.30013898    0.059914606
   183     0.30034121    0.059998981
   184     0.30046090    0.059947553
   185     0.29997286    0.059880786
   186     0.30092474    0.060033709
   187     0.30010490    0.059918601
   188     0.30015369    0.060004135
   189     0.29957642    0.059717070
   190     0.29967959    0.059689807
   191     0.29923711    0.059761512
   192     0.30020816    0.060133000
   193     0.29939908    0.060125252
   194     0.30025574    0.060264200
   195     0.29934092    0.059848323
   196     0.29977123    0.059938578
   197     0.29981663    0.059879596
   198     0.30018721    0.060003418
   199     0.30036373    0.060025329
   200     0.29993825    0.059789336
