     1   0.0033479678 2.2270790E-005
     2   0.0056786433 5.3087877E-005
     3   0.0074482274 8.0541558E-005
     4   0.0090314292  0.00010841264
     5    0.010400695  0.00013621117
     6    0.011732212  0.00016509738
     7    0.012897638  0.00019250140
     8    0.014076104  0.00022265850
     9    0.015127259  0.00025159316
    10    0.016117106  0.00028192702
    11    0.017010342  0.00030790933
    12    0.017974983  0.00033731736
    13    0.018868835  0.00036513654
    14    0.019699440  0.00039323372
    15    0.020491600  0.00042223974
    16    0.021286778  0.00044978575
    17    0.021918548  0.00047573700
    18    0.022770995  0.00050645947
    19    0.023427088  0.00053348080
    20    0.024203170  0.00056230365
    21    0.024878380  0.00059155172
    22    0.025616393  0.00062242896
    23    0.026217125  0.00065105764
    24    0.026893698  0.00067690087
    25    0.027485505  0.00070467809
    26    0.028181639  0.00073583552
    27    0.028693243  0.00076351856
    28    0.029431609  0.00079394643
    29    0.030043812  0.00082243820
    30    0.030587124  0.00084881771
    31    0.031082560  0.00087436500
    32    0.031643498  0.00089668042
    33    0.032092445  0.00092065153
    34    0.032569708  0.00094506478
    35    0.033094436  0.00097484569
    36    0.033667312   0.0010018084
    37    0.034158298   0.0010241950
    38    0.034661720   0.0010533659
    39    0.035216405   0.0010853470
    40    0.035796166   0.0011142589
    41    0.036248470   0.0011439686
    42    0.036769398   0.0011724739
    43    0.037274448   0.0012057686
    44    0.037758209   0.0012329338
    45    0.038216541   0.0012620770
    46    0.038651157   0.0012910061
    47    0.039155807   0.0013194107
    48    0.039665345   0.0013465382
    49    0.040041152   0.0013788052
    50    0.040556131   0.0014076637
    51    0.040959218   0.0014325250
    52    0.041459184   0.0014583906
    53    0.041842105   0.0014814427
    54    0.042276485   0.0015116920
    55    0.042733557   0.0015392841
    56    0.043139268   0.0015662799
    57    0.043540736   0.0015950932
    58    0.044013898   0.0016217476
    59    0.044408607   0.0016498496
    60    0.044752977   0.0016792170
    61    0.045190711   0.0017056735
    62    0.045610656   0.0017333579
    63    0.045940260   0.0017613989
    64    0.046360259   0.0017885289
    65    0.046745018   0.0018132995
    66    0.047133469   0.0018374260
    67    0.047562411   0.0018711575
    68    0.047988505   0.0018980782
    69    0.048256624   0.0019285875
    70    0.048680021   0.0019546797
    71    0.048976284   0.0019831407
    72    0.049351762   0.0020120868
    73    0.049748598   0.0020413412
    74    0.050097637   0.0020684043
    75    0.050459563   0.0020932700
    76    0.050839462   0.0021247546
    77    0.051190479   0.0021581825
    78    0.051656884   0.0021899183
    79    0.052002898   0.0022178037
    80    0.052235870   0.0022429505
    81    0.052600221   0.0022718644
    82    0.052951696   0.0023045288
    83    0.053385470   0.0023351952
    84    0.053686913   0.0023556164
    85    0.053930886   0.0023783253
    86    0.054259640   0.0024027336
    87    0.054545523   0.0024274897
    88    0.054912565   0.0024583698
    89    0.055280119   0.0024875769
    90    0.055576925   0.0025118094
    91    0.055978166   0.0025417136
    92    0.056216986   0.0025739151
    93    0.056497448   0.0026020310
    94    0.056841749   0.0026322532
    95    0.057138150   0.0026642388
    96    0.057531157   0.0026938785
    97    0.057748293   0.0027171716
    98    0.058087340   0.0027436078
    99    0.058449918   0.0027700749
   100    0.058759581   0.0028040132
