     1    0.026643197   0.0026456027
     2    0.046941972   0.0052957198
     3    0.064086715   0.0079663094
     4    0.079090298    0.010782979
     5    0.092211068    0.013540525
     6     0.10453237    0.016314971
     7     0.11663347    0.019121985
     8     0.12636193    0.021567660
     9     0.13664090    0.024153392
    10     0.14599447    0.026448115
    11     0.15536987    0.028842530
    12     0.16368647    0.031097655
    13     0.17189402    0.033602188
    14     0.17944215    0.035683837
    15     0.18640180    0.037750046
    16     0.19336701    0.039707441
    17     0.20076245    0.041912861
    18     0.20693550    0.043803319
    19     0.21250314    0.045154093
    20     0.21706000    0.046641844
    21     0.22252902    0.047892403
    22     0.22760049    0.049405653
    23     0.23170281    0.050436559
    24     0.23570344    0.051381830
    25     0.23980674    0.052526964
    26     0.24383000    0.053562213
    27     0.24778248    0.054391556
    28     0.25016313    0.055103344
    29     0.25322415    0.055916521
    30     0.25639026    0.056417565
    31     0.25853525    0.056736957
    32     0.26168013    0.057398464
    33     0.26343949    0.057799128
    34     0.26546193    0.058340350
    35     0.26785220    0.058953465
    36     0.27042629    0.059251045
    37     0.27169638    0.059445209
    38     0.27334612    0.059866631
    39     0.27567627    0.060349334
    40     0.27809354    0.060920543
    41     0.28015984    0.061331080
    42     0.28130537    0.061354421
    43     0.28254596    0.061622313
    44     0.28429230    0.062154911
    45     0.28624676    0.062799458
    46     0.28738145    0.062940775
    47     0.28856323    0.063024186
    48     0.28968208    0.063297956
    49     0.29015093    0.063191021
    50     0.29181959    0.063519040
    51     0.29308478    0.063381548
    52     0.29388975    0.063843740
    53     0.29537122    0.063984463
    54     0.29591642    0.064177805
    55     0.29593634    0.064363439
    56     0.29612938    0.064166997
    57     0.29702505    0.064436271
    58     0.29777810    0.064771675
    59     0.29911040    0.065016269
    60     0.29939819    0.064974671
    61     0.29998285    0.065252931
    62     0.30027740    0.065216367
    63     0.30129981    0.065311452
    64     0.30137041    0.065312393
    65     0.30172314    0.065346480
    66     0.30230202    0.065296791
    67     0.30207254    0.065199392
    68     0.30245746    0.065104646
    69     0.30266988    0.065077224
    70     0.30327933    0.065050020
    71     0.30374511    0.065387129
    72     0.30392596    0.065462794
    73     0.30505710    0.065730916
    74     0.30542176    0.065797082
    75     0.30622082    0.066020860
    76     0.30601594    0.065752076
    77     0.30652311    0.065967336
    78     0.30810327    0.066184138
    79     0.30774967    0.066243099
    80     0.30854751    0.066369367
    81     0.30904386    0.066540032
    82     0.30922397    0.066624216
    83     0.30912708    0.066592110
    84     0.30844454    0.066549527
    85     0.30814715    0.066530517
    86     0.30892835    0.066565112
    87     0.30843991    0.066459724
    88     0.30862580    0.066457839
    89     0.30857378    0.066411539
    90     0.30907410    0.066510877
    91     0.30886158    0.066499182
    92     0.30900536    0.066234441
    93     0.30926535    0.066260110
    94     0.30926432    0.066233913
    95     0.30886157    0.066213170
    96     0.30896365    0.066102920
    97     0.30907273    0.066060674
    98     0.31082556    0.066242274
    99     0.31054162    0.066347571
   100     0.31083406    0.066631436
   101     0.31019838    0.066341579
   102     0.31088854    0.066517576
   103     0.31063945    0.066566062
   104     0.31031511    0.066676223
   105     0.31141781    0.066725474
   106     0.31175583    0.066858736
   107     0.31180943    0.066720169
   108     0.31098091    0.066593545
   109     0.31157339    0.066851317
   110     0.31146006    0.066769224
   111     0.31227937    0.066608601
   112     0.31238105    0.066713793
   113     0.31239563    0.067026027
   114     0.31266494    0.066852509
   115     0.31310249    0.066821288
   116     0.31320878    0.066837359
   117     0.31352706    0.066970530
   118     0.31325055    0.067052937
   119     0.31362446    0.067110537
   120     0.31382964    0.067332331
   121     0.31370288    0.067150664
   122     0.31403036    0.067488046
   123     0.31419098    0.066966671
   124     0.31453778    0.067258180
   125     0.31344148    0.067167432
   126     0.31341533    0.066888194
   127     0.31377534    0.066920874
   128     0.31400215    0.067144331
   129     0.31402990    0.067347620
   130     0.31424143    0.067562908
   131     0.31411352    0.067278519
   132     0.31373192    0.067355392
   133     0.31340141    0.067174547
   134     0.31348350    0.067132788
   135     0.31395249    0.067018134
   136     0.31361111    0.067039510
   137     0.31332533    0.066964043
   138     0.31326208    0.066782052
   139     0.31340717    0.066852414
   140     0.31313461    0.067016884
   141     0.31469176    0.067265024
   142     0.31429643    0.067395954
   143     0.31464654    0.067517134
   144     0.31421624    0.067346403
   145     0.31358787    0.067106046
   146     0.31362309    0.067466871
   147     0.31379299    0.067431358
   148     0.31306034    0.067242214
   149     0.31376388    0.067115920
   150     0.31319192    0.067054788
   151     0.31286212    0.066869558
   152     0.31268765    0.067072625
   153     0.31269142    0.067046535
   154     0.31269935    0.066899716
   155     0.31282625    0.066922835
   156     0.31277171    0.066926114
   157     0.31210166    0.066475465
   158     0.31222250    0.066567601
   159     0.31201220    0.066785800
   160     0.31226777    0.066687027
   161     0.31227773    0.066657466
   162     0.31293233    0.066911552
   163     0.31294055    0.066919020
   164     0.31322417    0.066913669
   165     0.31305482    0.066682044
   166     0.31290073    0.066802075
   167     0.31276654    0.066685809
   168     0.31346844    0.066693090
   169     0.31277494    0.066725615
   170     0.31336432    0.067004414
   171     0.31349111    0.066852461
   172     0.31376308    0.066742427
   173     0.31451320    0.066984497
   174     0.31431560    0.067019766
   175     0.31403470    0.066992772
   176     0.31373180    0.067330827
   177     0.31444377    0.067286089
   178     0.31464236    0.067227164
   179     0.31429088    0.067087484
   180     0.31514793    0.067099760
   181     0.31495132    0.066969911
   182     0.31425756    0.067012594
   183     0.31393063    0.067159389
   184     0.31433466    0.067202722
   185     0.31457573    0.067277239
   186     0.31428893    0.067257812
   187     0.31444221    0.067175825
   188     0.31411620    0.067139050
   189     0.31414470    0.066916858
   190     0.31380638    0.066695337
   191     0.31396339    0.066556477
   192     0.31397087    0.066393857
   193     0.31322665    0.066453435
   194     0.31347130    0.066481330
   195     0.31324822    0.066601279
   196     0.31381167    0.066466657
   197     0.31389218    0.066586679
   198     0.31416005    0.066723846
   199     0.31339328    0.066502000
   200     0.31369146    0.066641207
