     1   0.0026382429 2.6084523E-005
     2   0.0047125363 5.3938542E-005
     3   0.0064596090 8.1918103E-005
     4   0.0079364563  0.00010763646
     5   0.0091784828  0.00013429831
     6    0.010457430  0.00016152619
     7    0.011589599  0.00018786879
     8    0.012687148  0.00021375220
     9    0.013664163  0.00024017265
    10    0.014679711  0.00026886374
    11    0.015661479  0.00029792781
    12    0.016577140  0.00032559572
    13    0.017413552  0.00035201799
    14    0.018259198  0.00038079758
    15    0.019093733  0.00041039811
    16    0.019906263  0.00044100779
    17    0.020707205  0.00046816252
    18    0.021407655  0.00049290968
    19    0.022061106  0.00052138025
    20    0.022727713  0.00054936058
    21    0.023446267  0.00057718021
    22    0.024199881  0.00060452416
    23    0.024812441  0.00063010357
    24    0.025403499  0.00065445510
    25    0.026025857  0.00068079128
    26    0.026655258  0.00071045928
    27    0.027265294  0.00073485414
    28    0.027811334  0.00076206850
    29    0.028383476  0.00079174276
    30    0.028933265  0.00082106344
    31    0.029499877  0.00084981719
    32    0.030018306  0.00087309789
    33    0.030541345  0.00089603631
    34    0.031122948  0.00092285023
    35    0.031631218  0.00095034978
    36    0.032117915  0.00097736066
    37    0.032658065   0.0010027587
    38    0.033158665   0.0010274701
    39    0.033636047   0.0010533150
    40    0.034074143   0.0010775543
    41    0.034534754   0.0011088191
    42    0.035018685   0.0011347436
    43    0.035484692   0.0011611591
    44    0.035904867   0.0011916407
    45    0.036380331   0.0012161120
    46    0.036814073   0.0012446570
    47    0.037309196   0.0012719359
    48    0.037763248   0.0013009587
    49    0.038247917   0.0013276776
    50    0.038673005   0.0013523000
    51    0.039071384   0.0013788992
    52    0.039561858   0.0014077993
    53    0.039934953   0.0014350141
    54    0.040369202   0.0014630570
    55    0.040749692   0.0014921794
    56    0.041202858   0.0015202405
    57    0.041712799   0.0015450841
    58    0.042147216   0.0015706910
    59    0.042519337   0.0015985617
    60    0.042867021   0.0016283363
    61    0.043348963   0.0016575254
    62    0.043779102   0.0016882884
    63    0.044201202   0.0017145060
    64    0.044688330   0.0017424293
    65    0.045081853   0.0017661129
    66    0.045496612   0.0017960113
    67    0.045840476   0.0018257499
    68    0.046278889   0.0018547711
    69    0.046664179   0.0018803373
    70    0.046996972   0.0019068961
    71    0.047368152   0.0019339017
    72    0.047755401   0.0019669922
    73    0.048038606   0.0019940578
    74    0.048414658   0.0020223576
    75    0.048760748   0.0020524201
    76    0.049100494   0.0020749098
    77    0.049454866   0.0020998541
    78    0.049736338   0.0021253298
    79    0.050115951   0.0021491335
    80    0.050421019   0.0021770023
    81    0.050803511   0.0022043989
    82    0.051145131   0.0022316636
    83    0.051461967   0.0022573625
    84    0.051813734   0.0022847333
    85    0.052171089   0.0023126652
    86    0.052551206   0.0023432322
    87    0.052902914   0.0023684456
    88    0.053142486   0.0023919398
    89    0.053508975   0.0024248860
    90    0.053917494   0.0024539846
    91    0.054284501   0.0024776707
    92    0.054624957   0.0025058735
    93    0.054967839   0.0025341188
    94    0.055326240   0.0025597716
    95    0.055661148   0.0025915788
    96    0.056037220   0.0026200630
    97    0.056348465   0.0026469032
    98    0.056551682   0.0026739739
    99    0.056871841   0.0027071782
   100    0.057168789   0.0027324714
