     1   0.0026643197 2.6456027E-005
     2   0.0046941972 5.2957198E-005
     3   0.0064086715 7.9663094E-005
     4   0.0079090298  0.00010782979
     5   0.0092211068  0.00013540525
     6    0.010456378  0.00016343228
     7    0.011666490  0.00019147898
     8    0.012644950  0.00021646068
     9    0.013684614  0.00024336543
    10    0.014631971  0.00026726878
    11    0.015602474  0.00029429335
    12    0.016476051  0.00031999872
    13    0.017337840  0.00034880061
    14    0.018150985  0.00037503456
    15    0.018929662  0.00040231454
    16    0.019742504  0.00043109942
    17    0.020580783  0.00046238916
    18    0.021342223  0.00049236596
    19    0.022066278  0.00051820023
    20    0.022703598  0.00054709703
    21    0.023394634  0.00057133436
    22    0.024060622  0.00059902844
    23    0.024687617  0.00062708993
    24    0.025341201  0.00065488133
    25    0.025970037  0.00068262046
    26    0.026590753  0.00071180977
    27    0.027177470  0.00073986250
    28    0.027767478  0.00076606167
    29    0.028349842  0.00079254672
    30    0.028965156  0.00081933008
    31    0.029488558  0.00084658143
    32    0.030039265  0.00087634722
    33    0.030492162  0.00090089250
    34    0.031030786  0.00092665543
    35    0.031587551  0.00095529190
    36    0.032113299  0.00098431989
    37    0.032606582   0.0010127962
    38    0.033210685   0.0010402778
    39    0.033744913   0.0010673632
    40    0.034202165   0.0010983018
    41    0.034643279   0.0011230647
    42    0.035150406   0.0011524688
    43    0.035680894   0.0011841857
    44    0.036105806   0.0012147049
    45    0.036573024   0.0012427697
    46    0.037085130   0.0012700367
    47    0.037510282   0.0012966162
    48    0.037948004   0.0013222343
    49    0.038284755   0.0013460943
    50    0.038751272   0.0013733991
    51    0.039219806   0.0013968204
    52    0.039629736   0.0014249876
    53    0.040085840   0.0014517540
    54    0.040489644   0.0014751811
    55    0.040931484   0.0015017994
    56    0.041343584   0.0015267027
    57    0.041663557   0.0015544687
    58    0.042071525   0.0015851322
    59    0.042489776   0.0016099196
    60    0.042936362   0.0016385329
    61    0.043335293   0.0016661378
    62    0.043731541   0.0016949566
    63    0.044105000   0.0017246931
    64    0.044576235   0.0017513865
    65    0.044928361   0.0017797080
    66    0.045321759   0.0018061101
    67    0.045718999   0.0018380738
    68    0.046181428   0.0018678595
    69    0.046587263   0.0018949223
    70    0.046871738   0.0019232286
    71    0.047286846   0.0019500782
    72    0.047752554   0.0019799159
    73    0.048037554   0.0020062838
    74    0.048391309   0.0020353255
    75    0.048827899   0.0020620329
    76    0.049147835   0.0020893645
    77    0.049504668   0.0021158922
    78    0.049818730   0.0021404569
    79    0.050175706   0.0021647614
    80    0.050552490   0.0021916941
    81    0.050890795   0.0022183709
    82    0.051138223   0.0022448462
    83    0.051551019   0.0022715545
    84    0.051866202   0.0022969713
    85    0.052124897   0.0023254237
    86    0.052449541   0.0023531496
    87    0.052724542   0.0023788194
    88    0.053053862   0.0024060033
    89    0.053421273   0.0024331501
    90    0.053726429   0.0024546998
    91    0.054047774   0.0024890270
    92    0.054506260   0.0025187193
    93    0.054834213   0.0025515361
    94    0.055187593   0.0025766952
    95    0.055557697   0.0026014935
    96    0.055858527   0.0026280386
    97    0.056171908   0.0026547673
    98    0.056461909   0.0026836742
    99    0.056750813   0.0027129620
   100    0.057095588   0.0027445551
   101    0.057422468   0.0027750510
   102    0.057713587   0.0027979502
   103    0.058008987   0.0028301634
   104    0.058391670   0.0028547533
   105    0.058743718   0.0028819229
   106    0.059014056   0.0029162086
   107    0.059370818   0.0029419164
   108    0.059642230   0.0029678469
   109    0.059964952   0.0029979354
   110    0.060243792   0.0030298074
   111    0.060581306   0.0030573291
   112    0.060796012   0.0030807954
   113    0.061146122   0.0031094586
   114    0.061385577   0.0031366272
   115    0.061660721   0.0031654194
   116    0.061960127   0.0031965124
   117    0.062310452   0.0032255061
   118    0.062654668   0.0032516808
   119    0.062889772   0.0032811280
   120    0.063207716   0.0033131374
   121    0.063484691   0.0033392312
   122    0.063848812   0.0033638233
   123    0.064071847   0.0033900607
   124    0.064361932   0.0034180190
   125    0.064668998   0.0034430654
   126    0.064918217   0.0034711955
   127    0.065148222   0.0034952395
   128    0.065429608   0.0035241317
   129    0.065765536   0.0035508221
   130    0.066024961   0.0035766744
   131    0.066249036   0.0036054362
   132    0.066594033   0.0036339482
   133    0.066823389   0.0036589478
   134    0.067130211   0.0036861761
   135    0.067444810   0.0037201926
   136    0.067705266   0.0037430750
   137    0.068004698   0.0037763103
   138    0.068163386   0.0038075544
   139    0.068429546   0.0038287406
   140    0.068670306   0.0038593055
   141    0.068902934   0.0038860205
   142    0.069191580   0.0039124583
   143    0.069495150   0.0039390139
   144    0.069701450   0.0039673227
   145    0.069970001   0.0039909765
   146    0.070286923   0.0040178456
   147    0.070483423   0.0040424595
   148    0.070747590   0.0040708455
   149    0.070997895   0.0040945840
   150    0.071250138   0.0041124408
   151    0.071458441   0.0041421146
   152    0.071739193   0.0041619278
   153    0.072009817   0.0041926792
   154    0.072189501   0.0042213419
   155    0.072455687   0.0042496148
   156    0.072693198   0.0042794614
   157    0.073029549   0.0043072895
   158    0.073326645   0.0043279691
   159    0.073570137   0.0043518300
   160    0.073684986   0.0043818690
   161    0.073961113   0.0044164800
   162    0.074189011   0.0044481440
   163    0.074456082   0.0044759264
   164    0.074671885   0.0045039665
   165    0.074916778   0.0045335378
   166    0.075175272   0.0045610629
   167    0.075468743   0.0045791181
   168    0.075667364   0.0046046744
   169    0.075915930   0.0046304116
   170    0.076099769   0.0046576266
   171    0.076320864   0.0046841269
   172    0.076543473   0.0047054367
   173    0.076803506   0.0047293189
   174    0.077048280   0.0047584847
   175    0.077224041   0.0047829426
   176    0.077456802   0.0048134967
   177    0.077697977   0.0048396245
   178    0.077949061   0.0048688010
   179    0.078186238   0.0048942378
   180    0.078363509   0.0049234675
   181    0.078624951   0.0049552721
   182    0.078858607   0.0049792236
   183    0.079153364   0.0050090140
   184    0.079389808   0.0050373081
   185    0.079609267   0.0050705212
   186    0.079822294   0.0050946483
   187    0.079975515   0.0051207091
   188    0.080274942   0.0051462834
   189    0.080502376   0.0051715684
   190    0.080702841   0.0051975549
   191    0.080856192   0.0052159365
   192    0.081069304   0.0052433733
   193    0.081254803   0.0052743739
   194    0.081531355   0.0052996925
   195    0.081788192   0.0053223236
   196    0.082054434   0.0053496076
   197    0.082228182   0.0053739204
   198    0.082431668   0.0054017646
   199    0.082635975   0.0054296466
   200    0.082872423   0.0054557546
   201    0.083098062   0.0054818831
   202    0.083245516   0.0055116917
   203    0.083445670   0.0055414783
   204    0.083703196   0.0055653383
   205    0.083899445   0.0055995130
   206    0.084177339   0.0056254735
   207    0.084470846   0.0056560622
   208    0.084638670   0.0056860335
   209    0.084837530   0.0057114768
   210    0.084952756   0.0057326925
   211    0.085225872   0.0057640023
   212    0.085415481   0.0057944073
   213    0.085685959   0.0058207274
   214    0.085862635   0.0058479458
   215    0.086086486   0.0058788025
   216    0.086360505   0.0059067608
   217    0.086590580   0.0059335477
   218    0.086835686   0.0059527823
   219    0.087038112   0.0059789549
   220    0.087274829   0.0060104830
   221    0.087455901   0.0060357925
   222    0.087623997   0.0060660122
   223    0.087775981   0.0060861634
   224    0.087976922   0.0061146410
   225    0.088228152   0.0061461630
   226    0.088377621   0.0061713848
   227    0.088519921   0.0061914057
   228    0.088724283   0.0062190022
   229    0.089000812   0.0062466970
   230    0.089188624   0.0062704484
   231    0.089379433   0.0062930420
   232    0.089559219   0.0063170141
   233    0.089795918   0.0063416327
   234    0.090014262   0.0063718504
   235    0.090256879   0.0063980359
   236    0.090433204   0.0064237457
   237    0.090631851   0.0064525282
   238    0.090912509   0.0064895382
   239    0.091095288   0.0065145024
   240    0.091270840   0.0065450414
   241    0.091433357   0.0065684971
   242    0.091653863   0.0065899661
   243    0.091831294   0.0066218969
   244    0.091995627   0.0066490811
   245    0.092190773   0.0066757607
   246    0.092377092   0.0067025188
   247    0.092640043   0.0067286961
   248    0.092757079   0.0067556951
   249    0.093017389   0.0067831124
   250    0.093191399   0.0068032056
   251    0.093459466   0.0068307024
   252    0.093625422   0.0068609009
   253    0.093866027   0.0068885595
   254    0.094084521   0.0069151176
   255    0.094252615   0.0069419475
   256    0.094514429   0.0069730822
   257    0.094691097   0.0070017198
   258    0.094849816   0.0070292513
   259    0.095050054   0.0070582130
   260    0.095263561   0.0070828098
   261    0.095466483   0.0071209834
   262    0.095616909   0.0071520771
   263    0.095808943   0.0071811620
   264    0.095989942   0.0072086176
   265    0.096158010   0.0072354838
   266    0.096379076   0.0072549438
   267    0.096531129   0.0072823875
   268    0.096664712   0.0073144326
   269    0.096898713   0.0073473014
   270    0.097194498   0.0073746383
   271    0.097404888   0.0074068509
   272    0.097591811   0.0074317094
   273    0.097716541   0.0074596477
   274    0.097972879   0.0074874955
   275    0.098164456   0.0075169521
   276    0.098363408   0.0075407183
   277    0.098549920   0.0075670844
   278    0.098804063   0.0075955146
   279    0.098950258   0.0076219085
   280    0.099123538   0.0076522712
   281    0.099283966   0.0076821906
   282    0.099495016   0.0077113693
   283    0.099695188   0.0077350175
   284    0.099846616   0.0077633383
   285     0.10000811   0.0077970989
   286     0.10018158   0.0078212349
   287     0.10031556   0.0078449348
   288     0.10054728   0.0078758779
   289     0.10077798   0.0078989891
   290     0.10097390   0.0079248674
   291     0.10117799   0.0079560471
   292     0.10143244   0.0079837910
   293     0.10158161   0.0080077257
   294     0.10181752   0.0080336191
   295     0.10201532   0.0080592343
   296     0.10216669   0.0080805565
   297     0.10227641   0.0081132425
   298     0.10249387   0.0081407879
   299     0.10270387   0.0081743537
   300     0.10287032   0.0081974648
   301     0.10305201   0.0082227544
   302     0.10326695   0.0082551368
   303     0.10341175   0.0082823571
   304     0.10365020   0.0083097479
   305     0.10375834   0.0083271269
   306     0.10391554   0.0083579113
   307     0.10419363   0.0083920061
   308     0.10431797   0.0084140982
   309     0.10448608   0.0084458303
   310     0.10457876   0.0084757331
   311     0.10481898   0.0085024306
   312     0.10494356   0.0085325232
   313     0.10515768   0.0085603995
   314     0.10537037   0.0085870976
   315     0.10554163   0.0086115961
   316     0.10574460   0.0086411286
   317     0.10586308   0.0086707418
   318     0.10606289   0.0086944758
   319     0.10626672   0.0087230992
   320     0.10642436   0.0087533168
   321     0.10667588   0.0087821170
   322     0.10689612   0.0088092436
   323     0.10707258   0.0088400127
   324     0.10724757   0.0088639313
   325     0.10736823   0.0088921000
   326     0.10745410   0.0089218914
   327     0.10766196   0.0089490527
   328     0.10782141   0.0089722640
   329     0.10803584   0.0090016352
   330     0.10822388   0.0090368899
   331     0.10846952   0.0090634627
   332     0.10857252   0.0090850030
   333     0.10878035   0.0091121969
   334     0.10894191   0.0091423994
   335     0.10910843   0.0091630951
   336     0.10925019   0.0091886965
   337     0.10938183   0.0092233860
   338     0.10958115   0.0092531739
   339     0.10975243   0.0092854355
   340     0.10997216   0.0093155641
   341     0.11018367   0.0093433720
   342     0.11034092   0.0093742175
   343     0.11046715   0.0094080969
   344     0.11060666   0.0094346507
   345     0.11080498   0.0094625903
   346     0.11097413   0.0094922222
   347     0.11121728   0.0095135143
   348     0.11144990   0.0095475630
   349     0.11161852   0.0095738209
   350     0.11176396   0.0096038564
   351     0.11192528   0.0096206798
   352     0.11203248   0.0096502215
   353     0.11221027   0.0096718024
   354     0.11237444   0.0097026173
   355     0.11253220   0.0097334376
   356     0.11268470   0.0097602124
   357     0.11278293   0.0097842910
   358     0.11303023   0.0098213737
   359     0.11319537   0.0098436561
   360     0.11331590   0.0098683309
   361     0.11355495   0.0098922560
   362     0.11372883   0.0099236512
   363     0.11387148   0.0099494970
   364     0.11402765   0.0099769065
   365     0.11423246    0.010002866
   366     0.11439805    0.010036668
   367     0.11451035    0.010067966
   368     0.11468166    0.010088689
   369     0.11490561    0.010116563
   370     0.11503763    0.010148583
   371     0.11518449    0.010168763
   372     0.11526277    0.010202493
   373     0.11536826    0.010226941
   374     0.11545847    0.010249175
   375     0.11564526    0.010275745
   376     0.11585193    0.010302518
   377     0.11601856    0.010323283
   378     0.11616483    0.010352347
   379     0.11630172    0.010383011
   380     0.11646569    0.010410060
   381     0.11668866    0.010434744
   382     0.11680710    0.010463172
   383     0.11693358    0.010491114
   384     0.11702787    0.010518904
   385     0.11723553    0.010547901
   386     0.11735319    0.010565725
   387     0.11753295    0.010592331
   388     0.11782545    0.010611694
   389     0.11805318    0.010641033
   390     0.11817689    0.010662872
   391     0.11827699    0.010692272
   392     0.11843509    0.010715976
   393     0.11857504    0.010736426
   394     0.11875147    0.010763504
   395     0.11881033    0.010798418
   396     0.11896027    0.010823936
   397     0.11911593    0.010852348
   398     0.11924243    0.010874647
   399     0.11933448    0.010895385
   400     0.11950044    0.010915846
   401     0.11960925    0.010945730
   402     0.11976520    0.010975602
   403     0.11997361    0.011008918
   404     0.12010606    0.011027966
   405     0.12030281    0.011057550
   406     0.12046518    0.011085460
   407     0.12064495    0.011113042
   408     0.12073447    0.011145558
   409     0.12093888    0.011167291
   410     0.12110865    0.011197442
   411     0.12127326    0.011226276
   412     0.12141961    0.011251701
   413     0.12155437    0.011277565
   414     0.12170402    0.011303996
   415     0.12186673    0.011337456
   416     0.12199618    0.011360282
   417     0.12211291    0.011390447
   418     0.12223531    0.011413795
   419     0.12228384    0.011445835
   420     0.12251674    0.011472164
   421     0.12263912    0.011498783
   422     0.12282966    0.011520634
   423     0.12298948    0.011545849
   424     0.12309385    0.011575498
   425     0.12327219    0.011605638
   426     0.12340109    0.011629152
   427     0.12351147    0.011653390
   428     0.12372182    0.011680787
   429     0.12391986    0.011710137
   430     0.12401578    0.011740091
   431     0.12415853    0.011764018
   432     0.12436695    0.011795695
   433     0.12445364    0.011823889
   434     0.12459521    0.011857576
   435     0.12480818    0.011886589
   436     0.12498869    0.011901746
   437     0.12512626    0.011924587
   438     0.12529220    0.011947674
   439     0.12538097    0.011982384
   440     0.12550643    0.012009184
   441     0.12564127    0.012034528
   442     0.12581582    0.012060793
   443     0.12599177    0.012089142
   444     0.12606379    0.012113945
   445     0.12620938    0.012142921
   446     0.12631598    0.012172366
   447     0.12645317    0.012200013
   448     0.12662234    0.012226913
   449     0.12679834    0.012254877
   450     0.12694839    0.012275612
   451     0.12706541    0.012307356
   452     0.12716750    0.012337316
   453     0.12737559    0.012365681
   454     0.12752395    0.012388285
   455     0.12768558    0.012421204
   456     0.12786662    0.012450535
   457     0.12796873    0.012477159
   458     0.12811855    0.012501321
   459     0.12827953    0.012528801
   460     0.12841428    0.012557534
   461     0.12848892    0.012583999
   462     0.12864008    0.012609978
   463     0.12877002    0.012639510
   464     0.12897025    0.012664206
   465     0.12915848    0.012696118
   466     0.12934189    0.012724985
   467     0.12946626    0.012751595
   468     0.12963385    0.012777961
   469     0.12972348    0.012797257
   470     0.12991990    0.012820248
   471     0.13002539    0.012853062
   472     0.13018995    0.012877238
   473     0.13028457    0.012910673
   474     0.13037931    0.012938962
   475     0.13046519    0.012961475
   476     0.13054205    0.012987068
   477     0.13068863    0.013020208
   478     0.13085587    0.013040624
   479     0.13100154    0.013064873
   480     0.13124646    0.013091479
   481     0.13141985    0.013126173
   482     0.13158587    0.013155237
   483     0.13172912    0.013187227
   484     0.13176038    0.013211259
   485     0.13188926    0.013236820
   486     0.13210482    0.013258056
   487     0.13226628    0.013298233
   488     0.13246907    0.013329255
   489     0.13257039    0.013370292
   490     0.13272628    0.013403263
   491     0.13294697    0.013435327
   492     0.13300654    0.013460730
   493     0.13314409    0.013483846
   494     0.13326950    0.013507239
   495     0.13352771    0.013537282
   496     0.13370358    0.013558056
   497     0.13375261    0.013591518
   498     0.13397476    0.013615046
   499     0.13407295    0.013648696
   500     0.13420852    0.013676664
   501     0.13440200    0.013704829
   502     0.13454418    0.013736700
   503     0.13462531    0.013773588
   504     0.13473879    0.013791380
   505     0.13481862    0.013818940
   506     0.13488478    0.013844611
   507     0.13498211    0.013874613
   508     0.13521751    0.013898867
   509     0.13538259    0.013925699
   510     0.13552860    0.013951900
   511     0.13567983    0.013975850
   512     0.13580364    0.013995692
   513     0.13595602    0.014029610
   514     0.13600858    0.014056642
   515     0.13617434    0.014086613
   516     0.13628538    0.014118708
   517     0.13646279    0.014148359
   518     0.13665146    0.014176129
   519     0.13672955    0.014206647
   520     0.13692421    0.014238560
   521     0.13702666    0.014263646
   522     0.13719813    0.014290953
   523     0.13737210    0.014316785
   524     0.13756309    0.014345224
   525     0.13763151    0.014374915
   526     0.13778166    0.014404421
   527     0.13789849    0.014437240
   528     0.13801959    0.014467131
   529     0.13821078    0.014497054
   530     0.13831509    0.014529154
   531     0.13850332    0.014554190
   532     0.13862464    0.014579936
   533     0.13875664    0.014602023
   534     0.13887403    0.014627623
   535     0.13898438    0.014661738
   536     0.13916326    0.014693733
   537     0.13930054    0.014720401
   538     0.13942612    0.014748487
   539     0.13961816    0.014772871
   540     0.13982863    0.014805698
   541     0.14004586    0.014830164
   542     0.14013513    0.014850158
   543     0.14026833    0.014880980
   544     0.14034998    0.014908954
   545     0.14049275    0.014931574
   546     0.14062110    0.014956606
   547     0.14068751    0.014985618
   548     0.14084899    0.015004403
   549     0.14092386    0.015027353
   550     0.14107268    0.015052540
   551     0.14115334    0.015075770
   552     0.14133710    0.015110473
   553     0.14141322    0.015134194
   554     0.14153396    0.015166163
   555     0.14164881    0.015188384
   556     0.14184380    0.015212837
   557     0.14195694    0.015241375
   558     0.14214456    0.015267771
   559     0.14225421    0.015294529
   560     0.14241977    0.015318057
   561     0.14250055    0.015351010
   562     0.14267285    0.015374306
   563     0.14283528    0.015398281
   564     0.14292562    0.015424998
   565     0.14302850    0.015450529
   566     0.14318230    0.015477393
   567     0.14326018    0.015497917
   568     0.14337319    0.015525707
   569     0.14354856    0.015553437
   570     0.14369030    0.015583716
   571     0.14382211    0.015605859
   572     0.14393551    0.015641961
   573     0.14405777    0.015668210
   574     0.14413138    0.015696763
   575     0.14422814    0.015725151
   576     0.14440441    0.015751761
   577     0.14454893    0.015773843
   578     0.14468229    0.015802184
   579     0.14477841    0.015833912
   580     0.14486812    0.015862927
   581     0.14499872    0.015888101
   582     0.14512844    0.015913286
   583     0.14524589    0.015937654
   584     0.14541927    0.015956398
   585     0.14558486    0.015977386
   586     0.14576081    0.016004404
   587     0.14583618    0.016034472
   588     0.14598833    0.016064127
   589     0.14609463    0.016088319
   590     0.14619802    0.016122638
   591     0.14635156    0.016159958
   592     0.14647991    0.016189310
   593     0.14661217    0.016209371
   594     0.14669988    0.016232703
   595     0.14696887    0.016251176
   596     0.14703644    0.016283545
   597     0.14720794    0.016311426
   598     0.14738897    0.016338773
   599     0.14750714    0.016366424
   600     0.14764272    0.016386978
   601     0.14774648    0.016421532
   602     0.14784454    0.016448986
   603     0.14801549    0.016473490
   604     0.14826454    0.016504350
   605     0.14836795    0.016541002
   606     0.14843664    0.016570584
   607     0.14857525    0.016603732
   608     0.14860398    0.016631157
   609     0.14874696    0.016659385
   610     0.14879208    0.016692151
   611     0.14881459    0.016718049
   612     0.14901961    0.016748125
   613     0.14914556    0.016768967
   614     0.14929137    0.016791795
   615     0.14943044    0.016814306
   616     0.14954682    0.016834182
   617     0.14963658    0.016858045
   618     0.14979932    0.016878310
   619     0.14995070    0.016906010
   620     0.15001723    0.016938480
   621     0.15014196    0.016963075
   622     0.15029175    0.016980546
   623     0.15042499    0.017017859
   624     0.15047402    0.017050540
   625     0.15056374    0.017078739
   626     0.15066584    0.017114312
   627     0.15081796    0.017134150
   628     0.15090094    0.017168224
   629     0.15106301    0.017182679
   630     0.15122369    0.017201517
   631     0.15143467    0.017223288
   632     0.15156630    0.017253532
   633     0.15164807    0.017290855
   634     0.15179727    0.017316003
   635     0.15200049    0.017349125
   636     0.15206516    0.017388758
   637     0.15214931    0.017419426
   638     0.15227136    0.017449762
   639     0.15238451    0.017469137
   640     0.15259204    0.017501118
   641     0.15277655    0.017531900
   642     0.15295155    0.017556404
   643     0.15304146    0.017584364
   644     0.15313847    0.017598989
   645     0.15326410    0.017635329
   646     0.15338236    0.017661830
   647     0.15340488    0.017685963
   648     0.15353756    0.017717724
   649     0.15364623    0.017753358
   650     0.15381852    0.017781694
   651     0.15394417    0.017801850
   652     0.15410077    0.017830144
   653     0.15422379    0.017852613
   654     0.15432312    0.017881403
   655     0.15441073    0.017898928
   656     0.15450816    0.017921540
   657     0.15457186    0.017957945
   658     0.15467806    0.017981360
   659     0.15478454    0.018011536
   660     0.15501789    0.018034456
   661     0.15510908    0.018073269
   662     0.15524652    0.018099890
   663     0.15533216    0.018130466
   664     0.15538552    0.018150489
   665     0.15551027    0.018183007
   666     0.15573044    0.018207368
   667     0.15589052    0.018233434
   668     0.15597830    0.018251642
   669     0.15607859    0.018277290
   670     0.15627277    0.018301746
   671     0.15635370    0.018330438
   672     0.15647357    0.018365578
   673     0.15653829    0.018393425
   674     0.15670547    0.018417265
   675     0.15682509    0.018448550
   676     0.15699409    0.018477984
   677     0.15714726    0.018502457
   678     0.15726533    0.018530466
   679     0.15745530    0.018545800
   680     0.15751932    0.018574069
   681     0.15770498    0.018590993
   682     0.15777897    0.018614113
   683     0.15787963    0.018652401
   684     0.15804195    0.018681256
   685     0.15819966    0.018709415
   686     0.15828157    0.018732439
   687     0.15842412    0.018758547
   688     0.15851949    0.018786879
   689     0.15861584    0.018819425
   690     0.15866859    0.018857185
   691     0.15878282    0.018882160
   692     0.15895149    0.018907784
   693     0.15905668    0.018942716
   694     0.15929024    0.018966854
   695     0.15941223    0.018998227
   696     0.15956153    0.019023036
   697     0.15967665    0.019049664
   698     0.15972724    0.019073934
   699     0.15984761    0.019099719
   700     0.15997701    0.019127291
   701     0.16007770    0.019150935
   702     0.16013085    0.019173344
   703     0.16029566    0.019203343
   704     0.16055691    0.019223722
   705     0.16059454    0.019251697
   706     0.16067417    0.019269985
   707     0.16080985    0.019293338
   708     0.16081800    0.019323772
   709     0.16095785    0.019347347
   710     0.16107925    0.019380752
   711     0.16121176    0.019406353
   712     0.16132901    0.019430902
   713     0.16148054    0.019453316
   714     0.16155346    0.019480368
   715     0.16164022    0.019491434
   716     0.16175344    0.019511110
   717     0.16187473    0.019536723
   718     0.16199304    0.019560552
   719     0.16217852    0.019589539
   720     0.16229571    0.019618832
   721     0.16232191    0.019641418
   722     0.16241811    0.019673193
   723     0.16254291    0.019701680
   724     0.16271573    0.019729608
   725     0.16276705    0.019754752
   726     0.16289490    0.019782204
   727     0.16305064    0.019809469
   728     0.16317926    0.019831775
   729     0.16324707    0.019865981
   730     0.16333987    0.019896851
   731     0.16351381    0.019915064
   732     0.16359774    0.019936509
   733     0.16368256    0.019961948
   734     0.16383643    0.019989676
   735     0.16398572    0.020007933
   736     0.16408683    0.020025428
   737     0.16421303    0.020064778
   738     0.16429718    0.020095052
   739     0.16437452    0.020116128
   740     0.16449895    0.020139156
   741     0.16461062    0.020158313
   742     0.16467095    0.020186123
   743     0.16477368    0.020212712
   744     0.16484286    0.020238585
   745     0.16503258    0.020264857
   746     0.16515976    0.020286609
   747     0.16519131    0.020318380
   748     0.16533613    0.020340414
   749     0.16549076    0.020360752
   750     0.16560061    0.020385719
   751     0.16570017    0.020409102
   752     0.16579646    0.020441225
   753     0.16594636    0.020461005
   754     0.16608673    0.020472045
   755     0.16614212    0.020493182
   756     0.16617017    0.020520497
   757     0.16629990    0.020547840
   758     0.16643252    0.020582963
   759     0.16651133    0.020608615
   760     0.16649759    0.020638995
   761     0.16671912    0.020652527
   762     0.16687132    0.020681505
   763     0.16696637    0.020699914
   764     0.16711595    0.020731108
   765     0.16725975    0.020759817
   766     0.16739759    0.020789125
   767     0.16747124    0.020820452
   768     0.16758596    0.020836765
   769     0.16762170    0.020865036
   770     0.16769850    0.020899732
   771     0.16786986    0.020920654
   772     0.16802982    0.020951790
   773     0.16805812    0.020979203
   774     0.16811337    0.021010563
   775     0.16826778    0.021044022
   776     0.16839232    0.021077352
   777     0.16848394    0.021105908
   778     0.16861217    0.021122667
   779     0.16870983    0.021138010
   780     0.16878864    0.021160397
   781     0.16891986    0.021188256
   782     0.16902358    0.021211531
   783     0.16909222    0.021242931
   784     0.16922326    0.021271845
   785     0.16935613    0.021294262
   786     0.16942757    0.021324713
   787     0.16957146    0.021348969
   788     0.16964477    0.021371733
   789     0.16978352    0.021401288
   790     0.16985783    0.021426838
   791     0.16986133    0.021462741
   792     0.17000657    0.021493846
   793     0.17018048    0.021515000
   794     0.17029691    0.021539270
   795     0.17037915    0.021557778
   796     0.17047513    0.021579606
   797     0.17065690    0.021607441
   798     0.17081526    0.021637377
   799     0.17089711    0.021664232
   800     0.17092492    0.021692775
   801     0.17100475    0.021719966
   802     0.17112979    0.021749679
   803     0.17127734    0.021784374
   804     0.17134508    0.021803374
   805     0.17145558    0.021835790
   806     0.17163670    0.021861440
   807     0.17172688    0.021890178
   808     0.17187483    0.021906382
   809     0.17191082    0.021935411
   810     0.17208223    0.021963777
   811     0.17218225    0.021985497
   812     0.17234252    0.022009021
   813     0.17244059    0.022042414
   814     0.17256169    0.022061308
   815     0.17276311    0.022090051
   816     0.17290143    0.022110251
   817     0.17296822    0.022130811
   818     0.17309829    0.022145734
   819     0.17321661    0.022174006
   820     0.17334906    0.022206516
   821     0.17347680    0.022234791
   822     0.17355803    0.022248087
   823     0.17364203    0.022277675
   824     0.17376774    0.022306286
   825     0.17391116    0.022320891
   826     0.17407587    0.022356526
   827     0.17406408    0.022389481
   828     0.17426878    0.022412649
   829     0.17434895    0.022440681
   830     0.17448917    0.022461036
   831     0.17457267    0.022488798
   832     0.17463050    0.022523901
   833     0.17475557    0.022544338
   834     0.17484212    0.022571374
   835     0.17495646    0.022608624
   836     0.17511162    0.022635732
   837     0.17523243    0.022654997
   838     0.17530189    0.022680415
   839     0.17546176    0.022709306
   840     0.17557912    0.022737413
   841     0.17567649    0.022752636
   842     0.17568198    0.022780161
   843     0.17573755    0.022806827
   844     0.17584143    0.022826979
   845     0.17591824    0.022848305
   846     0.17601827    0.022864013
   847     0.17601654    0.022895397
   848     0.17621677    0.022924760
   849     0.17639493    0.022948278
   850     0.17647961    0.022962512
   851     0.17659505    0.022984542
   852     0.17669487    0.023010708
   853     0.17688553    0.023038894
   854     0.17690895    0.023083645
   855     0.17694118    0.023112545
   856     0.17713037    0.023139340
   857     0.17720118    0.023169258
   858     0.17740088    0.023195567
   859     0.17752726    0.023220227
   860     0.17759915    0.023244804
   861     0.17764862    0.023270798
   862     0.17774003    0.023299595
   863     0.17790145    0.023320551
   864     0.17791666    0.023347934
   865     0.17795460    0.023375366
   866     0.17802062    0.023409755
   867     0.17816944    0.023427467
   868     0.17825346    0.023462028
   869     0.17842025    0.023500295
   870     0.17853293    0.023529779
   871     0.17866435    0.023539048
   872     0.17878616    0.023560545
   873     0.17882157    0.023582787
   874     0.17890822    0.023611403
   875     0.17907073    0.023638455
   876     0.17917377    0.023669446
   877     0.17928350    0.023693937
   878     0.17932856    0.023711396
   879     0.17942582    0.023733496
   880     0.17950219    0.023762624
   881     0.17962887    0.023785305
   882     0.17966544    0.023808147
   883     0.17967791    0.023837257
   884     0.17980131    0.023860522
   885     0.17988403    0.023881693
   886     0.18005063    0.023905963
   887     0.18017388    0.023928159
   888     0.18030609    0.023954975
   889     0.18039273    0.023989974
   890     0.18053347    0.024012041
   891     0.18066606    0.024032979
   892     0.18074322    0.024058652
   893     0.18077769    0.024088557
   894     0.18083189    0.024119858
   895     0.18097586    0.024146286
   896     0.18106146    0.024169298
   897     0.18122228    0.024192703
   898     0.18130461    0.024219403
   899     0.18141250    0.024245134
   900     0.18162030    0.024253288
   901     0.18172250    0.024276839
   902     0.18183527    0.024312051
   903     0.18186728    0.024342604
   904     0.18203428    0.024363575
   905     0.18210586    0.024389437
   906     0.18221448    0.024415738
   907     0.18229065    0.024440593
   908     0.18241757    0.024454286
   909     0.18253024    0.024471957
   910     0.18269024    0.024500880
   911     0.18277798    0.024524332
   912     0.18285049    0.024546602
   913     0.18295858    0.024588021
   914     0.18305334    0.024628316
   915     0.18316096    0.024656019
   916     0.18330521    0.024683422
   917     0.18349585    0.024703381
   918     0.18363725    0.024725669
   919     0.18366970    0.024749706
   920     0.18377025    0.024775504
   921     0.18385640    0.024807833
   922     0.18396246    0.024838309
   923     0.18413441    0.024868940
   924     0.18418735    0.024886264
   925     0.18421884    0.024911558
   926     0.18429744    0.024921042
   927     0.18435425    0.024944429
   928     0.18451914    0.024966088
   929     0.18458109    0.024976099
   930     0.18471950    0.025008536
   931     0.18485990    0.025028165
   932     0.18498976    0.025053218
   933     0.18504726    0.025082493
   934     0.18513878    0.025098822
   935     0.18525458    0.025128415
   936     0.18544530    0.025140764
   937     0.18550502    0.025165412
   938     0.18559096    0.025194361
   939     0.18570819    0.025206526
   940     0.18581054    0.025223928
   941     0.18593510    0.025245150
   942     0.18604292    0.025268727
   943     0.18609480    0.025289452
   944     0.18609695    0.025309642
   945     0.18619360    0.025339100
   946     0.18635342    0.025363344
   947     0.18645460    0.025388658
   948     0.18658167    0.025411699
   949     0.18663188    0.025434515
   950     0.18670035    0.025466905
   951     0.18672045    0.025490992
   952     0.18690634    0.025515364
   953     0.18698905    0.025549068
   954     0.18714895    0.025578407
   955     0.18721172    0.025607419
   956     0.18731837    0.025636905
   957     0.18739765    0.025648943
   958     0.18745343    0.025673821
   959     0.18755060    0.025697577
   960     0.18761289    0.025725180
   961     0.18772410    0.025754333
   962     0.18788740    0.025773022
   963     0.18805632    0.025802347
   964     0.18818043    0.025830682
   965     0.18823020    0.025853635
   966     0.18833582    0.025882566
   967     0.18836737    0.025900117
   968     0.18853767    0.025927432
   969     0.18864598    0.025950771
   970     0.18873343    0.025967667
   971     0.18880302    0.025979102
   972     0.18896285    0.026013947
   973     0.18901769    0.026045906
   974     0.18908793    0.026073619
   975     0.18920167    0.026099153
   976     0.18930848    0.026128690
   977     0.18933898    0.026151170
   978     0.18940007    0.026177468
   979     0.18951276    0.026206742
   980     0.18971815    0.026223806
   981     0.18984951    0.026247732
   982     0.18997458    0.026279865
   983     0.19006127    0.026305726
   984     0.19014851    0.026329819
   985     0.19018897    0.026358941
   986     0.19019586    0.026385461
   987     0.19026639    0.026408482
   988     0.19035271    0.026442163
   989     0.19046054    0.026469660
   990     0.19049025    0.026494487
   991     0.19059058    0.026508883
   992     0.19057648    0.026531719
   993     0.19067920    0.026566234
   994     0.19088821    0.026579829
   995     0.19097915    0.026598766
   996     0.19108305    0.026628529
   997     0.19122878    0.026649690
   998     0.19136768    0.026658152
   999     0.19148642    0.026680060
  1000     0.19159956    0.026698156
