     0.00000000		     0.10000000		     0.20000000		     0.30000000		     0.40000000		     0.50000000		     0.60000000		     0.70000000		     0.80000000		     0.90000000		
      1.0000000		     0.00000000		     0.00000000		     0.00000000		     0.00000000		     0.00000000		     0.00000000		     0.00000000		     0.00000000		     0.00000000		
              1		      1.7746527		      1.5999923		            1.4		            1.2		              1		            0.8		            0.6		            0.4		              0		
              1		      1.6861537		      1.5984346		      1.3999979		            1.2		              1		            0.8		            0.6		            0.4		              0		
              1		      1.6032944		      1.5901767		      1.3998925		      1.1999998		              1		            0.8		            0.6		            0.4		              0		
              1		      1.5364475		      1.5746527		      1.3992038		      1.1999923		     0.99999998		            0.8		            0.6		            0.4		              0		
              1		      1.4826895		      1.5544997		      1.3973002		      1.1999367		     0.99999943		            0.8		            0.6		            0.4		              0		
              1		      1.4386896		      1.5321108		      1.3938301		      1.1997393		     0.99999499		     0.79999996		            0.6		            0.4		              0		
              1		      1.4019753		      1.5090311		      1.3887701		      1.1992768		     0.99997619		      0.7999996		            0.6		            0.4		              0		
              1		      1.3708047		      1.4861537		      1.3822939		      1.1984346		     0.99992277		      0.7999979		     0.59999997		            0.4		              0		
              1		      1.3439435		      1.4639629		      1.3746527		      1.1971309		     0.99980606		     0.79999226		     0.59999982		            0.4		              0		
              1		      1.3204999		      1.4427008		      1.3661051		      1.1953223		     0.99959305		     0.79997791		     0.59999926		     0.39999998		              0		
              1		      1.2998157		      1.4224701		      1.3568856		      1.1929991		     0.99925104		     0.79994772		     0.59999763		     0.39999993		              0		
              1		       1.281395		      1.4032944		      1.3471925		      1.1901767		     0.99875117		     0.79989249		     0.59999377		     0.39999976		              0		
              1		      1.2648565		      1.3851531		      1.3371882		      1.1868873		     0.99807046		      0.7998016		     0.59998583		      0.3999993		              0		
              1		      1.2499027		      1.3680023		       1.327002		      1.1831726		     0.99719256		     0.79966381		     0.59997127		     0.39999826		              0		
              1		      1.2362971		      1.3517869		      1.3167355		      1.1790787		     0.99610758		     0.79946799		     0.59994688		     0.39999614		              0		
              1		      1.2238499		      1.3364475		      1.3064675		      1.1746527		     0.99481139		     0.79920377		     0.59990889		     0.39999226		              0		
              1		      1.2124062		      1.3219243		      1.2962583		      1.1699404		     0.99330469		      0.7988619		     0.59985312		     0.39998566		              0		
              1		      1.2018385		      1.3081595		      1.2861537		       1.164985		     0.99159201		      0.7984346		     0.59977515		     0.39997517		              0		
              1		      1.1920411		      1.2950982		      1.2761878		      1.1598261		     0.98968081		      0.7979156		     0.59967049		     0.39995938		              0		
              1		      1.1829249		      1.2826895		      1.2663856		      1.1544997		     0.98758067		      0.7973002		     0.59953474		     0.39993666		              0		
              1		      1.1744148		       1.270886		      1.2567651		      1.1490381		     0.98530258		     0.79658521		      0.5993637		     0.39990523		              0		
              1		      1.1664465		      1.2596443		      1.2473386		      1.1434697		      0.9828584		     0.79576877		     0.59915348		     0.39986319		              0		
              1		      1.1589652		      1.2489243		      1.2381142		      1.1378199		     0.98026045		     0.79485025		     0.59890059		     0.39980856		              0		
              1		      1.1519231		      1.2386896		      1.2290965		      1.1321108		     0.97752113		      0.7938301		     0.59860193		     0.39973931		              0		
              1		      1.1452792		      1.2289066		      1.2202875		      1.1263617		     0.97465268		     0.79270964		     0.59825489		     0.39965346		              0		
              1		      1.1389972		      1.2195449		      1.2116873		      1.1205894		     0.97166704		     0.79149096		      0.5978573		     0.39954905		              0		
              1		      1.1330455		      1.2105763		      1.2032944		      1.1148083		     0.96857565		     0.79017673		     0.59740743		      0.3994242		              0		
              1		      1.1273962		      1.2019753		      1.1951061		      1.1090311		     0.96538944		     0.78877012		     0.59690402		     0.39927716		              0		
              1		      1.1220246		      1.1937183		      1.1871189		      1.1032684		     0.96211872		     0.78727465		     0.59634617		      0.3991063		              0		
              1		      1.1169086		      1.1857838		      1.1793286		      1.0975296		     0.95877317		     0.78569413		     0.59573339		     0.39891013		              0		
              1		      1.1120287		       1.178152		      1.1717307		      1.0918224		     0.95536184		     0.78403254		     0.59506551		     0.39868732		              0		
              1		      1.1073672		      1.1708047		      1.1643201		      1.0861537		     0.95189318		     0.78229397		     0.59434268		      0.3984367		              0		
              1		      1.1029084		      1.1637251		      1.1570917		       1.080529		     0.94837497		     0.78048257		     0.59356533		     0.39815728		              0		
              1		       1.098638		      1.1568977		      1.1500404		      1.0749531		     0.94481446		     0.77860251		     0.59273412		     0.39784821		              0		
              1		       1.094543		      1.1503082		      1.1431607		        1.06943		     0.94121829		     0.77665792		     0.59184992		     0.39750884		              0		
              1		      1.0906119		      1.1439435		      1.1364475		      1.0639629		      0.9375926		     0.77465286		      0.5909138		     0.39713863		              0		
              1		      1.0868339		      1.1377912		      1.1298955		      1.0585545		     0.93394302		     0.77259132		     0.58992696		     0.39673724		              0		
              1		      1.0831995		      1.1318401		      1.1234995		      1.0532069		     0.93027468		     0.77047716		     0.58889073		     0.39630443		              0		
              1		      1.0796997		      1.1260796		      1.1172545		      1.0479219		     0.92659232		     0.76831415		     0.58780656		     0.39584012		              0		
              1		      1.0763264		      1.1204999		      1.1111556		      1.0427008		     0.92290024		     0.76610589		     0.58667597		     0.39534436		              0		
              1		      1.0730722		      1.1150919		       1.105198		      1.0375445		     0.91920237		     0.76385587		     0.58550057		     0.39481729		              0		
              1		      1.0699303		       1.109847		       1.099377		      1.0324538		     0.91550229		     0.76156743		     0.58428198		     0.39425917		              0		
              1		      1.0668943		      1.1047575		      1.0936881		      1.0274289		     0.91180325		     0.75924376		     0.58302189		     0.39367037		              0		
              1		      1.0639584		      1.0998157		       1.088127		      1.0224702		     0.90810822		     0.75688792		       0.581722		     0.39305134		              0		
              1		      1.0611173		      1.0950149		      1.0826895		      1.0175777		     0.90441987		      0.7545028		     0.58038403		     0.39240258		              0		
              1		       1.058366		      1.0903485		      1.0773715		      1.0127511		     0.90074064		     0.75209116		     0.57900969		      0.3917247		              0		
              1		      1.0556998		      1.0858105		       1.072169		      1.0079902		     0.89707273		     0.74965564		      0.5776007		     0.39101835		              0		
              1		      1.0531144		       1.081395		      1.0670784		      1.0032946		     0.89341812		     0.74719872		     0.57615876		     0.39028424		              0		
              1		      1.0506058		      1.0770968		       1.062096		     0.99866384		     0.88977861		     0.74472275		     0.57468554		     0.38952311		              0		
              1		      1.0481704		      1.0729108		      1.0572184		     0.99409721		      0.8861558		     0.74222998		     0.57318271		     0.38873577		              0		
              1		      1.0458045		      1.0688322		      1.0524421		     0.98959409		     0.88255115		      0.7397225		     0.57165189		     0.38792303		              0		
              1		      1.0435051		      1.0648566		      1.0477639		     0.98515375		     0.87896596		     0.73720232		     0.57009468		     0.38708574		              0		
              1		      1.0412689		      1.0609797		      1.0431808		     0.98077541		     0.87540138		     0.73467132		     0.56851265		     0.38622478		              0		
              1		      1.0390933		      1.0571976		      1.0386898		     0.97645825		     0.87185845		     0.73213128		     0.56690733		     0.38534103		              0		
              1		      1.0369754		      1.0535065		       1.034288		     0.97220141		     0.86833809		     0.72958388		      0.5652802		      0.3844354		              0		
              1		      1.0349128		      1.0499028		      1.0299727		     0.96800402		     0.86484112		     0.72703069		     0.56363271		     0.38350878		              0		
              1		      1.0329031		      1.0463831		      1.0257412		     0.96386518		     0.86136825		      0.7244732		     0.56196628		      0.3825621		              0		
              1		      1.0309442		      1.0429443		      1.0215909		     0.95978397		     0.85792013		     0.72191282		     0.56028226		     0.38159624		              0		
              1		      1.0290338		      1.0395833		      1.0175196		     0.95575948		     0.85449729		     0.71935088		     0.55858199		     0.38061214		              0		
              1		        1.02717		      1.0362973		      1.0135247		     0.95179078		     0.85110023		      0.7167886		     0.55686674		     0.37961067		              0		
              1		      1.0253511		      1.0330836		      1.0096041		     0.94787693		     0.84772935		     0.71422717		     0.55513776		     0.37859274		              0		
              1		      1.0235751		      1.0299394		      1.0057555		     0.94401702		     0.84438501		     0.71166768		     0.55339625		     0.37755923		              0		
              1		      1.0218404		      1.0268625		       1.001977		      0.9402101		      0.8410675		     0.70911117		     0.55164336		       0.376511		              0		
              1		      1.0201455		      1.0238504		     0.99826638		     0.93645527		     0.83777707		      0.7065586		      0.5498802		     0.37544891		              0		
              1		      1.0184888		      1.0209009		     0.99462186		      0.9327516		     0.83451393		     0.70401089		     0.54810786		     0.37437381		              0		
              1		       1.016869		      1.0180118		     0.99104154		     0.92909821		     0.83127823		     0.70146889		     0.54632736		     0.37328651		              0		
              1		      1.0152847		      1.0151813		     0.98752363		     0.92549418		     0.82807009		     0.69893341		      0.5445397		     0.37218782		              0		
              1		      1.0137346		      1.0124072		      0.9840664		     0.92193865		     0.82488961		      0.6964052		     0.54274585		     0.37107853		              0		
              1		      1.0122176		      1.0096878		     0.98066821		     0.91843074		     0.82173683		     0.69388497		     0.54094671		      0.3699594		              0		
              1		      1.0107323		      1.0070214		     0.97732746		     0.91496961		     0.81861179		     0.69137338		     0.53914318		      0.3688312		              0		
              1		      1.0092779		      1.0044062		      0.9740426		     0.91155439		     0.81551449		     0.68887105		     0.53733609		     0.36769463		              0		
              1		      1.0078531		      1.0018406		     0.97081217		     0.90818428		      0.8124449		     0.68637855		     0.53552626		     0.36655042		              0		
              1		      1.0064571		     0.99932318		     0.96763472		     0.90485846		     0.80940298		     0.68389644		     0.53371448		     0.36539925		              0		
              1		      1.0050888		     0.99685234		     0.96450888		     0.90157613		     0.80638868		     0.68142521		     0.53190147		     0.36424178		              0		
              1		      1.0037475		     0.99442673		     0.96143334		     0.89833651		     0.80340191		     0.67896535		     0.53008797		     0.36307867		              0		
              1		      1.0024321		     0.99204499		      0.9584068		     0.89513883		     0.80044258		     0.67651728		     0.52827464		     0.36191053		              0		
              1		      1.0011419		     0.98970582		     0.95542803		     0.89198235		     0.79751058		     0.67408143		     0.52646215		     0.36073798		              0		
              1		     0.99987602		       0.987408		     0.95249585		     0.88886634		     0.79460578		     0.67165818		     0.52465111		     0.35956159		              0		
              1		     0.99863382		     0.98515033		     0.94960909		     0.88579007		     0.79172807		     0.66924788		     0.52284211		     0.35838192		              0		
              1		     0.99741453		     0.98293168		     0.94676666		     0.88275283		     0.78887729		     0.66685086		     0.52103574		     0.35719953		              0		
              1		     0.99621746		     0.98075094		     0.94396748		     0.87975395		     0.78605329		     0.66446742		     0.51923252		     0.35601494		              0		
              1		     0.99504195		     0.97860708		     0.94121052		     0.87679275		     0.78325591		     0.66209786		     0.51743297		     0.35482864		              0		
              1		     0.99388736		     0.97649907		     0.93849477		     0.87386858		     0.78048499		     0.65974244		     0.51563758		     0.35364112		              0		
              1		     0.99275309		     0.97442594		     0.93581927		     0.87098078		     0.77774035		     0.65740139		     0.51384683		     0.35245285		              0		
              1		     0.99163855		     0.97238677		     0.93318308		     0.86812874		     0.77502182		     0.65507494		     0.51206115		     0.35126428		              0		
              1		     0.99054319		     0.97038066		     0.93058531		     0.86531184		      0.7723292		     0.65276329		     0.51028096		     0.35007584		              0		
              1		     0.98946646		     0.96840674		     0.92802508		     0.86252947		     0.76966232		     0.65046663		     0.50850667		     0.34888793		              0		
              1		     0.98840786		     0.96646419		     0.92550155		     0.85978107		     0.76702098		     0.64818514		     0.50673866		     0.34770096		              0		
              1		     0.98736689		     0.96455219		     0.92301389		     0.85706604		     0.76440497		     0.64591895		     0.50497729		     0.34651529		              0		
              1		     0.98634306		     0.96266999		     0.92056133		     0.85438384		     0.76181412		     0.64366822		     0.50322289		      0.3453313		              0		
              1		     0.98533593		     0.96081683		     0.91814309		     0.85173392		     0.75924821		     0.64143307		      0.5014758		     0.34414932		              0		
              1		     0.98434506		       0.958992		     0.91575843		     0.84911574		     0.75670704		     0.63921361		     0.49973631		     0.34296969		              0		
              1		     0.98337002		     0.95719481		     0.91340664		     0.84652879		     0.75419041		     0.63700995		     0.49800471		     0.34179272		              0		
              1		      0.9824104		      0.9554246		     0.91108703		     0.84397255		     0.75169811		     0.63482217		     0.49628129		     0.34061872		              0		
              1		     0.98146581		     0.95368071		     0.90879891		     0.84144654		     0.74922994		     0.63265035		     0.49456628		     0.33944797		              0		
              1		     0.98053588		     0.95196254		     0.90654164		     0.83895026		     0.74678569		     0.63049455		     0.49285994		     0.33828074		              0		
              1		     0.97962023		     0.95026948		     0.90431459		     0.83648324		     0.74436516		     0.62835484		      0.4911625		      0.3371173		              0		
              1		     0.97871853		     0.94860095		     0.90211714		     0.83404502		     0.74196812		     0.62623125		     0.48947415		     0.33595789		              0		
              1		     0.97783042		      0.9469564		     0.89994871		     0.83163514		     0.73959438		     0.62412384		     0.48779511		     0.33480274		              0		
              1		     0.97695559		     0.94533528		      0.8978087		     0.82925317		     0.73724373		     0.62203262		     0.48612556		     0.33365209		              0		
