     0.00000000		     0.10000000		     0.20000000		     0.30000000		     0.40000000		     0.50000000		     0.60000000		     0.70000000		     0.80000000		     0.90000000		
      1.0000000		     0.00000000		     0.00000000		     0.00000000		     0.00000000		     0.00000000		     0.00000000		     0.00000000		     0.00000000		     0.00000000		
              1		    0.078172891		   0.0065602889		  0.00055057555		 4.6617718e-005		 8.8370643e-006		 5.9427054e-005		  0.00070428758		    0.008392024		            0.1		
              1		     0.14470634		    0.017688261		   0.0019499048		  0.00020484114		 4.2011737e-005		  0.00021092906		   0.0018948664		    0.015484592		            0.1		
              1		      0.2017322		    0.031912015		   0.0043293739		  0.00054142352		  0.00011929693		  0.00047002225		   0.0034116794		    0.021521467		            0.1		
              1		     0.25094857		    0.048148491		   0.0077131716		   0.0011158292		  0.00026254324		  0.00084172048		     0.00513788		    0.026696046		            0.1		
              1		     0.29371389		    0.065604849		    0.012059377		   0.0019759612		  0.00049386561		   0.0013249936		    0.006988853		    0.031162442		            0.1		
              1		     0.33111974		    0.083704681		    0.017287939		   0.0031568179		  0.00083426325		    0.001915685		    0.008904021		    0.035044037		            0.1		
              1		     0.36404729		     0.10203279		     0.02329942		   0.0046808543		   0.0013026532		   0.0026083521		    0.010840721		    0.038440091		            0.1		
              1		      0.3932112		     0.12029387		    0.029987277		    0.006559257		    0.001915263		   0.0033973671		    0.012769621		    0.041430878		            0.1		
              1		     0.41919386		     0.13828152		     0.03724566		   0.0087936287		   0.0026853151		   0.0042775225		    0.014671284		    0.044081672		            0.1		
              1		      0.4424722		     0.15585512		    0.044974125		    0.011377779		   0.0036229369		   0.0052443122		    0.016533584		    0.046445858		            0.1		
              1		      0.4634387		     0.17292252		    0.053080267		    0.014299441		    0.004735235		   0.0062940104		    0.018349768		    0.048567363		            0.1		
              1		     0.48241796		     0.18942701		    0.061480959		    0.017541821		   0.0060264835		   0.0074236313		    0.020116988		    0.050482551		            0.1		
              1		     0.49967977		     0.20533771		    0.070102686		     0.02108494		   0.0074983834		    0.008630825		    0.021835203		    0.052221726		            0.1		
              1		     0.51544952		     0.22064233		    0.078881329		    0.024906758		   0.0091503614		   0.0099137459		     0.02350634		      0.0538103		            0.1		
              1		     0.52991639		     0.23534177		    0.087761596		    0.028984088		    0.010979885		    0.011270918		     0.02513367		    0.055269723		            0.1		
              1		        0.54324		     0.24944617		    0.096696288		    0.033293329		    0.012982774		    0.012701107		    0.026721335		    0.056618213		            0.1		
              1		     0.55555569		     0.26297191		     0.10564548		    0.037811022		    0.015153498		    0.014203214		    0.028273992		    0.057871344		            0.1		
              1		     0.56697871		     0.27593946		     0.11457572		    0.042514283		    0.017485453		    0.015776178		     0.02979655		    0.059042499		            0.1		
              1		     0.57760774		     0.28837179		     0.12345917		    0.047381101		    0.019971212		    0.017418914		    0.031293972		    0.060143247		            0.1		
              1		      0.5875276		      0.3002932		     0.13227296		    0.052390559		    0.022602744		    0.019130251		    0.032771133		    0.061183634		            0.1		
              1		     0.59681157		      0.3117285		     0.14099842		    0.057522968		     0.02537161		    0.020908904		    0.034232722		    0.062172421		            0.1		
              1		      0.6055232		      0.3227024		     0.14962054		    0.062759946		    0.028269124		    0.022753444		    0.035683162		    0.063117281		            0.1		
              1		     0.61371785		      0.3332391		     0.15812742		    0.068084448		    0.031286498		    0.024662292		    0.037126572		    0.064024949		            0.1		
              1		     0.62144397		     0.34336206		     0.16650975		    0.073480765		    0.034414955		    0.026633717		    0.038566732		    0.064901352		            0.1		
              1		     0.62874406		     0.35309376		     0.17476048		    0.078934496		    0.037645824		    0.028665839		    0.040007073		    0.065751716		            0.1		
              1		     0.63565563		     0.36245564		     0.18287441		    0.084432499		    0.040970615		     0.03075664		    0.041450668		    0.066580652		            0.1		
              1		     0.64221183		     0.37146801		     0.19084791		    0.089962832		     0.04438108		    0.032903976		    0.042900241		     0.06739223		            0.1		
              1		      0.6484421		     0.38015007		     0.19867866		    0.095514686		    0.047869257		    0.035105599		    0.044358171		    0.068190039		            0.1		
              1		     0.65437267		      0.3885199		      0.2063654		     0.10107831		    0.051427504		    0.037359167		     0.04582651		    0.068977242		            0.1		
              1		     0.66002695		     0.39659448		     0.21390779		     0.10664495		    0.055048522		    0.039662266		    0.047306998		    0.069756618		            0.1		
              1		     0.66542595		     0.40438974		      0.2213062		     0.11220676		    0.058725367		    0.042012426		    0.048801085		    0.070530606		            0.1		
              1		     0.67058854		     0.41192063		     0.22856161		     0.11775672		    0.062451461		    0.044407139		    0.050309943		    0.071301333		            0.1		
              1		     0.67553174		     0.41920113		     0.23567549		     0.12328861		    0.066220591		    0.046843873		    0.051834496		    0.072070652		            0.1		
              1		     0.68027091		     0.42624432		     0.24264967		     0.12879689		    0.070026907		    0.049320089		    0.053375435		    0.072840163		            0.1		
              1		     0.68481999		     0.43306246		     0.24948632		     0.13427668		    0.073864917		    0.051833254		    0.054933237		    0.073611239		            0.1		
              1		     0.68919163		     0.43966701		     0.25618782		     0.13972367		    0.077729474		     0.05438085		    0.056508189		    0.074385048		            0.1		
              1		     0.69339734		     0.44606868		     0.26275675		      0.1451341		    0.081615769		    0.056960389		    0.058100404		    0.075162574		            0.1		
              1		     0.69744763		     0.45227752		     0.26919581		     0.15050468		    0.085519316		    0.059569421		    0.059709841		    0.075944632		            0.1		
              1		      0.7013521		     0.45830293		      0.2755078		     0.15583254		    0.089435937		    0.062205539		     0.06133632		    0.076731886		            0.1		
              1		     0.70511956		      0.4641537		     0.28169558		     0.16111523		    0.093361749		     0.06486639		    0.062979538		    0.077524867		            0.1		
              1		     0.70875807		     0.46983809		     0.28776204		     0.16635062		     0.09729315		    0.067549678		    0.064639086		     0.07832398		            0.1		
              1		     0.71227507		     0.47536384		      0.2937101		     0.17153693		      0.1012268		     0.07025317		    0.066314463		    0.079129522		            0.1		
              1		     0.71567739		      0.4807382		     0.29954265		     0.17667263		     0.10515961		      0.0729747		    0.068005085		    0.079941692		            0.1		
              1		     0.71897135		       0.485968		     0.30526258		     0.18175647		     0.10908873		    0.075712169		    0.069710302		    0.080760602		            0.1		
              1		     0.72216278		     0.49105962		     0.31087274		     0.18678741		     0.11301152		    0.078463551		    0.071429404		    0.081586285		            0.1		
              1		     0.72525708		      0.4960191		     0.31637592		     0.19176463		     0.11692556		    0.081226892		    0.073161637		    0.082418707		            0.1		
              1		     0.72825926		      0.5008521		      0.3217749		     0.19668749		     0.12082862		    0.084000312		    0.074906205		    0.083257773		            0.1		
              1		     0.73117398		     0.50556395		     0.32707237		     0.20155549		     0.12471864		    0.086782004		    0.076662282		    0.084103334		            0.1		
              1		     0.73400555		     0.51015966		     0.33227097		      0.2063683		     0.12859374		    0.089570233		    0.078429021		    0.084955197		            0.1		
              1		       0.736758		     0.51464399		     0.33737329		     0.21112571		     0.13245221		    0.092363341		    0.080205556		    0.085813127		            0.1		
              1		     0.73943508		      0.5190214		     0.34238182		     0.21582761		     0.13629245		     0.09515974		    0.081991013		    0.086676857		            0.1		
              1		      0.7420403		     0.52329611		     0.34729903		     0.22047402		     0.14011304		    0.097957912		    0.083784511		     0.08754609		            0.1		
              1		     0.74457693		     0.52747211		     0.35212729		     0.22506501		     0.14391265		     0.10075641		    0.085585169		    0.088420506		            0.1		
              1		     0.74704804		     0.53155317		      0.3568689		     0.22960076		     0.14769009		     0.10355386		     0.08739211		    0.089299764		            0.1		
              1		      0.7494565		     0.53554286		     0.36152611		      0.2340815		     0.15144428		     0.10634895		    0.089204463		    0.090183509		            0.1		
              1		       0.751805		     0.53944456		      0.3661011		     0.23850752		     0.15517423		     0.10914042		    0.091021368		    0.091071371		            0.1		
              1		     0.75409607		     0.54326147		     0.37059597		     0.24287919		     0.15887905		      0.1119271		     0.09284198		    0.091962974		            0.1		
              1		     0.75633208		     0.54699663		     0.37501277		     0.24719688		     0.16255794		     0.11470787		    0.094665467		    0.092857934		            0.1		
              1		     0.75851528		     0.55065292		     0.37935347		     0.25146104		     0.16621017		     0.11748166		    0.096491016		    0.093755863		            0.1		
              1		     0.76064776		     0.55423308		     0.38361999		     0.25567212		     0.16983511		     0.12024746		    0.098317833		    0.094656372		            0.1		
              1		     0.76273153		     0.55773971		     0.38781419		     0.25983063		     0.17343217		     0.12300433		     0.10014514		    0.095559072		            0.1		
              1		     0.76476844		     0.56117528		     0.39193786		     0.26393709		     0.17700085		     0.12575136		      0.1019722		    0.096463576		            0.1		
              1		     0.76676027		     0.56454215		     0.39599273		     0.26799202		     0.18054068		     0.12848771		     0.10379827		    0.097369503		            0.1		
              1		     0.76870869		     0.56784256		     0.39998049		       0.271996		     0.18405128		     0.13121259		     0.10562264		    0.098276472		            0.1		
              1		     0.77061529		     0.57107864		     0.40390276		     0.27594959		     0.18753231		     0.13392523		     0.10744465		    0.099184114		            0.1		
              1		     0.77248157		     0.57425242		     0.40776111		     0.27985337		     0.19098345		     0.13662495		     0.10926362		     0.10009206		            0.1		
              1		     0.77430894		     0.57736585		     0.41155708		     0.28370794		     0.19440446		     0.13931108		     0.11107894		     0.10099997		            0.1		
              1		     0.77609875		     0.58042078		     0.41529212		     0.28751388		     0.19779512		     0.14198299		     0.11288999		     0.10190747		            0.1		
              1		      0.7778523		     0.58341898		     0.41896767		     0.29127181		     0.20115526		     0.14464011		     0.11469619		     0.10281424		            0.1		
              1		     0.77957078		     0.58636214		     0.42258509		     0.29498233		     0.20448474		      0.1472819		     0.11649698		     0.10371995		            0.1		
              1		     0.78125536		     0.58925187		     0.42614574		     0.29864604		     0.20778344		     0.14990786		     0.11829183		     0.10462428		            0.1		
              1		     0.78290713		     0.59208973		     0.42965089		     0.30226355		     0.21105129		     0.15251751		     0.12008022		     0.10552692		            0.1		
              1		     0.78452714		     0.59487719		     0.43310179		     0.30583546		     0.21428823		     0.15511042		     0.12186168		     0.10642757		            0.1		
              1		      0.7861164		     0.59761566		     0.43649966		     0.30936237		     0.21749424		     0.15768618		     0.12363575		     0.10732595		            0.1		
              1		     0.78767585		     0.60030651		     0.43984567		     0.31284489		     0.22066931		     0.16024442		     0.12540197		     0.10822179		            0.1		
              1		     0.78920639		     0.60295104		     0.44314095		     0.31628361		     0.22381346		      0.1627848		     0.12715995		     0.10911482		            0.1		
              1		      0.7907089		     0.60555049		     0.44638659		     0.31967912		     0.22692672		       0.165307		     0.12890927		     0.11000479		            0.1		
              1		      0.7921842		     0.60810606		     0.44958366		       0.323032		     0.23000916		     0.16781073		     0.13064958		     0.11089146		            0.1		
              1		     0.79363309		     0.61061891		      0.4527332		     0.32634284		     0.23306085		     0.17029572		     0.13238051		     0.11177459		            0.1		
              1		     0.79505631		     0.61309013		     0.45583619		      0.3296122		     0.23608187		     0.17276173		     0.13410173		     0.11265397		            0.1		
              1		     0.79645459		     0.61552079		     0.45889362		     0.33284067		     0.23907233		     0.17520855		     0.13581294		     0.11352939		            0.1		
              1		     0.79782863		     0.61791191		      0.4619064		     0.33602878		     0.24203234		     0.17763597		     0.13751383		     0.11440064		            0.1		
              1		     0.79917908		     0.62026448		     0.46487547		     0.33917711		     0.24496202		     0.18004382		     0.13920414		     0.11526755		            0.1		
              1		      0.8005066		     0.62257942		     0.46780169		     0.34228619		     0.24786153		     0.18243195		     0.14088361		     0.11612992		            0.1		
              1		     0.80181177		     0.62485766		     0.47068593		     0.34535657		     0.25073101		     0.18480021		     0.14255199		      0.1169876		            0.1		
              1		      0.8030952		     0.62710007		     0.47352901		     0.34838878		     0.25357061		     0.18714848		     0.14420907		     0.11784042		            0.1		
              1		     0.80435744		     0.62930749		     0.47633175		     0.35138334		     0.25638051		     0.18947666		     0.14585463		     0.11868824		            0.1		
              1		     0.80559903		     0.63148073		     0.47909491		     0.35434076		     0.25916088		     0.19178466		     0.14748849		     0.11953091		            0.1		
              1		      0.8068205		     0.63362059		     0.48181927		     0.35726157		      0.2619119		     0.19407242		     0.14911047		     0.12036829		            0.1		
              1		     0.80802233		     0.63572782		     0.48450557		     0.36014625		     0.26463376		     0.19633986		      0.1507204		     0.12120028		            0.1		
              1		     0.80920502		     0.63780314		     0.48715451		      0.3629953		     0.26732665		     0.19858695		     0.15231814		     0.12202674		            0.1		
              1		     0.81036902		     0.63984727		      0.4897668		     0.36580922		     0.26999078		     0.20081365		     0.15390355		     0.12284758		            0.1		
              1		     0.81151477		     0.64186088		     0.49234311		     0.36858847		     0.27262635		     0.20301995		     0.15547652		      0.1236627		            0.1		
              1		     0.81264272		     0.64384464		     0.49488411		     0.37133353		     0.27523357		     0.20520583		     0.15703691		     0.12447199		            0.1		
              1		     0.81375326		     0.64579917		     0.49739043		     0.37404487		     0.27781266		      0.2073713		     0.15858465		     0.12527538		            0.1		
              1		      0.8148468		      0.6477251		     0.49986269		     0.37672293		     0.28036383		     0.20951637		     0.16011964		     0.12607279		            0.1		
              1		     0.81592372		     0.64962302		     0.50230151		     0.37936818		     0.28288729		     0.21164107		      0.1616418		     0.12686414		            0.1		
              1		      0.8169844		      0.6514935		     0.50470747		     0.38198104		     0.28538328		     0.21374542		     0.16315107		     0.12764937		            0.1		
              1		     0.81802918		     0.65333711		     0.50708115		     0.38456197		     0.28785202		     0.21582947		     0.16464738		     0.12842842		            0.1		
              1		     0.81905842		     0.65515439		      0.5094231		     0.38711138		     0.29029374		     0.21789326		     0.16613069		     0.12920124		            0.1		
